0.000000 7.005014 3.394590 0.000418 1.849876 1.304625 2.485250 0.772568 1.767986 
5049216000000.000000 9.980257 2.328756 2.834326 1.916705 1.439676 2.055007 2.134262 1.897017 
10098432000000.000000 7.434444 0.905078 1.798190 5.657409 1.837106 0.700730 2.406359 2.120530 
15147648000000.000000 7.935439 2.022246 1.403101 7.179065 1.705875 1.557740 0.616432 2.376013 
20196864000000.000000 8.752077 2.077075 2.431170 5.739711 1.136245 2.360487 2.454628 2.118012 
25246080000000.000000 5.638834 1.670876 0.899534 4.355018 1.522091 1.936185 1.910021 1.988152 
30295296000000.000000 5.063226 2.978906 0.693673 4.489773 1.969213 0.760323 1.111355 1.854353 
35344512000000.000000 7.693308 2.192686 3.176336 6.057820 1.662890 1.641859 2.562108 1.284966 
40393728000000.000000 6.228270 2.015023 2.270350 7.185536 1.316518 2.560129 1.138113 1.097500 
45442944000000.000000 6.712960 1.710295 1.083643 7.247009 1.614906 2.039226 1.712488 0.928771 
50492160000000.000000 8.473460 2.304825 2.509947 5.443255 1.950325 0.716823 2.424469 0.997442 
55541376000000.000000 6.850158 2.634920 1.464728 4.765640 1.762665 1.745148 0.614565 1.499071 
60590592000000.000000 7.689340 2.369831 0.284469 5.439431 1.197137 2.449986 2.283780 1.634451 
65639808000000.000000 9.988258 1.878375 3.020837 4.900167 1.535580 1.862750 2.005107 2.045488 
70689024000000.000000 7.333201 1.810278 2.541576 1.996509 1.923840 0.679756 1.002719 2.302306 
75738240000000.000000 6.231452 1.753050 1.860070 1.607359 1.530875 1.665864 2.654089 2.128881 
80787456000000.000000 5.933367 4.384389 1.459879 1.614656 1.191741 2.433743 1.523355 2.188708 
85836672000000.000000 5.056727 1.183952 3.237717 3.180403 1.601603 1.836509 1.493570 2.039305 
90885888000000.000000 4.541765 1.147368 0.849462 6.148089 1.894078 0.657896 2.629708 1.519750 
95935104000000.000000 9.396829 2.486942 1.094244 7.239539 1.697912 1.910033 0.862551 1.365953 
100984320000000.000000 9.916191 0.745260 2.854979 5.308093 1.263343 2.520613 2.001935 0.993590 
106033536000000.000000 7.307179 2.017824 1.908634 2.773561 1.673132 1.836503 2.151667 0.891256 
111082752000000.000000 7.234411 4.385918 1.277616 2.219219 2.043104 0.769488 0.671818 1.250773 
116131968000000.000000 5.940464 0.720737 3.317030 4.771471 1.602683 1.810188 2.433923 1.375349 
121181184000000.000000 2.281496 1.235603 1.349453 6.877427 1.213693 2.475486 1.682486 1.881346 
126230400000000.000000 6.639137 2.552248 1.535111 7.516575 1.628061 1.769073 1.338394 2.130506 
131279616000000.000000 8.516247 1.953326 2.321493 5.370426 1.817596 0.590882 2.707591 2.101940 
136328832000000.000000 7.132462 1.906052 1.028461 5.587552 1.543518 1.915690 1.070653 2.325574 
141378048000000.000000 8.453384 3.109244 1.170270 6.422702 1.172900 2.416926 1.941892 2.122621 
146427264000000.000000 8.794252 0.595988 3.363628 4.404605 1.644361 1.591401 2.467186 1.746607 
151476480000000.000000 4.287768 2.034147 1.880980 0.862297 2.007612 0.794590 0.571091 1.654857 
156525696000000.000000 7.551396 3.370279 1.308775 1.734908 1.561072 1.987317 2.276349 1.171028 
161574912000000.000000 8.989292 3.278164 2.691102 0.776863 1.287740 2.512634 1.948039 0.907913 
166624128000000.000000 5.198642 0.404910 2.225400 4.096573 1.795913 1.736711 0.938662 1.063391 
171673344000000.000000 6.925617 1.078400 1.898468 6.641376 1.925921 0.717072 2.565691 1.140465 
176722560000000.000000 8.297596 2.976609 2.305002 6.577800 1.564623 2.041602 1.274576 1.699306 
181771776000000.000000 5.433493 1.528264 1.747331 4.416484 1.221228 2.461357 1.691128 1.902019 
186820992000000.000000 6.759136 1.750921 1.008360 4.265613 1.627856 1.494917 2.545632 2.046517 
191870208000000.000000 9.928992 2.939473 1.990959 5.241586 1.909967 0.764408 0.805526 2.351050 
196919424000000.000000 7.898598 0.581463 2.606827 5.432672 1.416832 1.992645 2.231727 2.159425 
201968640000000.000000 6.918262 1.799803 2.089985 5.922523 1.207238 2.374260 2.203997 1.964963 
207017856000000.000000 6.639864 3.722411 2.146919 5.336062 1.795479 1.498664 0.738566 1.894193 
212067072000000.000000 3.782988 1.833123 2.134961 4.797133 1.890660 0.829165 2.573402 1.350939 
217116288000000.000000 3.885253 1.402588 0.394211 5.524960 1.526521 2.191031 1.624467 1.091118 
222165504000000.000000 8.211276 3.405082 2.102959 5.791917 1.348132 2.517633 1.265759 0.993012 
227214720000000.000000 8.664081 0.634400 3.334810 4.229012 1.761367 1.456134 2.560488 0.927111 
232263936000000.000000 7.862516 2.091164 2.072979 2.632621 1.992341 0.916547 0.970699 1.474280 
237313152000000.000000 9.202214 3.991751 0.795783 1.774759 1.470104 2.105459 1.976431 1.645026 
242362368000000.000000 6.933492 1.606808 2.483525 2.614643 1.202318 2.367972 2.274158 1.956756 
247411584000000.000000 1.506339 0.895522 1.380403 5.141281 1.778775 1.384262 0.698595 2.296855 
252460800000000.000000 5.791056 2.270622 1.718913 7.045849 1.796195 0.828202 2.514753 2.158730 
257510016000000.000000 8.416820 2.097548 2.869632 6.558766 1.345716 2.168214 1.921790 2.153452 
262559232000000.000000 6.052367 1.673350 1.740794 4.397149 1.306476 2.382162 1.068033 2.076788 
267608448000000.000000 7.942264 2.816838 1.007897 3.120346 1.765086 1.236965 2.641475 1.557606 
272657664000000.000000 10.058522 2.791642 2.573786 4.337928 1.949321 1.089261 1.238082 1.365959 
277706880000000.000000 6.471158 0.467223 2.057303 6.621887 1.473554 2.268142 1.714378 1.064289 
282756096000000.000000 6.047617 1.356881 2.096082 7.829439 1.333746 2.378548 2.389453 0.824930 
287805312000000.000000 8.410118 3.091538 2.390095 6.659650 1.918330 1.349125 0.574539 1.242647 
292854528000000.000000 6.351552 1.648042 1.173418 5.052490 1.889832 0.997448 2.263844 1.365319 
297903744000000.000000 4.330109 1.922098 0.628124 5.670378 1.354511 2.235137 2.104397 1.799170 
302952960000000.000000 6.733703 3.355562 2.732526 6.359032 1.321340 2.349239 0.867798 2.151788 
308002176000000.000000 6.165861 1.311445 3.105171 3.903678 1.722298 1.122312 2.616477 2.109659 
313051392000000.000000 6.968826 2.161020 1.420050 1.482805 1.810940 1.113056 1.528937 2.292677 
318100608000000.000000 9.889356 3.824936 0.641064 1.106535 1.318897 2.274027 1.531986 2.189230 
323149824000000.000000 9.221926 0.779540 2.711435 2.775730 1.302131 2.216042 2.544054 1.772499 
328199040000000.000000 5.183952 0.429885 1.836449 5.600091 1.936649 1.111594 0.848751 1.656821 
333248256000000.000000 5.730994 3.441068 1.581989 7.012219 1.866928 1.211807 2.050899 1.245688 
338297472000000.000000 4.466319 1.842696 3.630398 4.674570 1.352306 2.375081 2.245685 0.864883 
343346688000000.000000 3.697611 2.393812 1.251726 2.006164 1.486892 2.373159 0.528566 1.066958 
348395904000000.000000 8.903505 3.119919 0.525966 1.592229 1.863479 1.110339 2.501348 1.092784 
353445120000000.000000 10.869841 2.089206 2.865401 2.336555 1.849311 1.234739 1.752465 1.628145 
358494336000000.000000 6.956666 0.768648 2.760366 4.288551 1.350376 2.347954 1.203363 1.931514 
363543552000000.000000 7.606321 2.243016 2.555094 5.853100 1.282720 2.157949 2.593467 2.004507 
368592768000000.000000 7.115969 3.599174 1.543522 4.750794 1.861429 0.956453 1.209318 2.330021 
373641984000000.000000 4.175709 0.271155 1.326998 5.297359 1.754124 1.242403 1.882098 2.244848 
378691200000000.000000 5.698511 1.472753 1.470775 6.972722 1.199238 2.340252 2.403515 1.976350 
383740416000000.000000 8.649182 2.727735 2.491291 7.872882 1.474998 2.199665 0.570665 1.921536 
388789632000000.000000 7.498783 1.037728 2.064060 5.937952 1.887354 0.919462 2.380318 1.445790 
393838848000000.000000 6.802372 1.718455 1.619189 3.849336 1.818061 1.456379 2.000558 1.079467 
398888064000000.000000 8.557742 4.051742 1.793477 2.545301 1.390186 2.498725 0.828256 1.024546 
403937280000000.000000 6.719835 0.913825 2.142837 4.522856 1.441316 2.180000 2.532559 0.864339 
408986496000000.000000 7.296727 0.763646 1.544481 6.657006 1.970583 0.947846 1.367245 1.409900 
414035712000000.000000 9.700692 2.370488 2.061964 7.488228 1.818047 1.369942 1.641027 1.650630 
419084928000000.000000 7.493063 1.390189 1.886745 5.171143 1.191682 2.353222 2.513286 1.872568 
424134144000000.000000 4.976377 1.455084 1.782078 3.170591 1.454129 2.131449 0.732398 2.281747 
429183360000000.000000 5.752916 4.254395 1.043898 3.532899 1.827073 0.780101 2.236257 2.212111 
434232576000000.000000 5.677200 1.063024 3.626846 3.672510 1.654988 1.457507 2.305095 2.131860 
439281792000000.000000 5.118193 1.655048 2.314374 3.482165 1.258954 2.463836 0.663009 2.126021 
444331008000000.000000 10.128726 2.593034 1.751540 4.346203 1.454810 2.022688 2.476202 1.648206 
449380224000000.000000 10.581465 2.536440 1.476162 3.667454 1.983378 0.794410 1.621338 1.372249 
454429440000000.000000 6.263240 1.028653 2.254683 4.823603 1.812630 1.618289 1.331452 1.145003 
459478656000000.000000 6.502833 3.193842 2.213006 7.352530 1.248703 2.464921 2.501842 0.787923 
464527872000000.000000 4.990311 2.018624 2.840386 6.995311 1.615853 2.108741 0.870636 1.190160 
469577088000000.000000 2.802825 1.340354 1.662200 4.009181 1.952515 0.820450 2.002249 1.345760 
474626304000000.000000 7.668340 2.590630 1.951179 1.100911 1.668778 1.565972 2.432656 1.704643 
479675520000000.000000 9.269020 3.862364 1.727978 1.290158 1.257209 2.454982 0.539765 2.144353 
484724736000000.000000 7.783058 1.224643 2.389593 2.627986 1.427911 1.938159 2.474799 2.104225 
489773952000000.000000 8.722666 1.077712 2.814752 5.287173 1.869031 0.651052 1.976384 2.236846 
494823168000000.000000 7.979176 3.189427 1.355042 5.746454 1.674215 1.655257 1.070802 2.248469 
499872384000000.000000 4.904217 0.705827 0.715132 4.533021 1.145360 2.408166 2.546507 1.827618 
504921600000000.000000 7.341275 2.224259 1.955578 4.691565 1.634320 1.923434 1.290553 1.654277 
509970816000000.000000 8.339878 2.812149 1.959746 6.724608 1.986762 0.737700 1.681772 1.348182 
515020032000000.000000 6.025810 0.369462 1.951230 6.631831 1.665062 1.776136 2.437032 0.876899 
520069248000000.000000 7.203727 0.966268 2.733708 5.958759 1.340962 2.577593 0.484651 1.059870 
525118464000000.000000 8.498786 3.738626 1.562773 4.449802 1.589108 1.935437 2.311915 1.069487 
530167680000000.000000 6.711571 1.307976 1.539512 4.609767 1.941363 0.704552 2.109642 1.537616 
535216896000000.000000 7.776925 1.347568 1.762849 6.345238 1.693894 1.765280 0.785238 1.929036 
540266112000000.000000 10.047581 2.245888 1.850543 8.061342 1.125448 2.383044 2.585943 1.956781 
545315328000000.000000 8.429829 0.304581 1.738857 7.035028 1.578473 1.773649 1.615040 2.272070 
550364544000000.000000 6.480710 1.071781 2.594165 4.327575 1.900771 0.639935 1.495338 2.297460 
555413760000000.000000 6.487982 4.292876 1.249885 2.798797 1.501174 1.791136 2.609457 1.970939 
560462976000000.000000 5.033869 2.001740 2.547615 3.483907 1.254918 2.508885 0.848382 1.915852 
565512192000000.000000 4.462494 1.948253 2.093048 2.710407 1.652350 1.765804 2.047212 1.539403 
570561408000000.000000 8.919276 1.864712 3.052552 4.144788 1.958232 0.714335 2.291935 1.082632 
575610624000000.000000 8.211025 3.421167 0.951328 4.523889 1.693344 1.999274 0.536698 1.058290 
580659840000000.000000 8.275072 1.637915 1.929764 3.712350 1.239807 2.502421 2.367741 0.868166 
585709056000000.000000 9.910566 2.451958 2.440223 4.700302 1.716022 1.736362 1.689833 1.345521 
590758272000000.000000 6.515100 1.916785 1.155938 5.979266 1.985667 0.732222 1.311309 1.660401 
595807488000000.000000 3.123095 1.903517 1.590465 4.997087 1.493733 1.852637 2.645145 1.810693 
600856704000000.000000 7.331695 2.014743 3.604973 3.938677 1.213745 2.446168 1.090614 2.245825 
605905920000000.000000 6.498663 3.987480 0.638537 2.709818 1.614395 1.626149 1.911885 2.247121 
610955136000000.000000 6.353696 1.267649 1.531537 3.632469 1.828075 0.660329 2.588050 2.094872 
616004352000000.000000 9.701640 1.276678 2.655684 6.302693 1.537840 2.015064 0.657895 2.147782 
621053568000000.000000 9.452554 1.917275 1.830111 8.063127 1.193387 2.432743 2.249838 1.727906 
626102784000000.000000 6.435645 0.622178 0.991869 6.904627 1.759806 1.558659 1.975259 1.343081 
631152000000000.000000 8.132064 2.595528 2.407379 4.634267 2.029974 0.844619 0.930185 1.190938 
636201216000000.000000 7.573243 3.301091 1.455005 5.300689 1.521088 2.055803 2.481216 0.796991 
641250432000000.000000 5.569956 1.183222 1.724311 5.725408 1.326764 2.532718 1.293667 1.132304 
646299648000000.000000 6.591842 1.092812 3.339865 5.525155 1.769948 1.607011 1.628994 1.358185 
651348864000000.000000 7.341314 3.598249 1.722682 4.929715 1.870734 0.752252 2.574729 1.645983 
656398080000000.000000 6.603773 1.459719 1.623371 4.036127 1.507754 2.079451 0.703440 2.138199 
661447296000000.000000 8.282967 1.048106 2.256392 3.792075 1.168638 2.365552 2.255091 2.125979 
666496512000000.000000 9.675669 3.314106 1.156807 4.872410 1.674636 1.376832 2.282107 2.195685 
671545728000000.000000 7.415233 1.045215 2.012512 5.132177 1.909537 0.852266 0.716451 2.294752 
676594944000000.000000 8.218499 0.371126 2.948146 4.701425 1.378955 2.078714 2.492013 1.890760 
681644160000000.000000 8.863159 3.774740 2.213463 4.017173 1.300277 2.410226 1.737164 1.631794 
686693376000000.000000 4.969539 2.289769 0.888692 3.057605 1.848952 1.456517 1.233492 1.415139 
691742592000000.000000 4.743044 2.279489 0.933343 4.385578 1.911352 0.934756 2.518574 0.892250 
696791808000000.000000 9.209160 2.131294 3.243740 7.266692 1.532083 2.274125 0.924471 1.014685 
701841024000000.000000 7.296053 1.990221 1.731786 8.032311 1.317538 2.456446 1.941890 1.071074 
706890240000000.000000 7.279163 0.488972 1.083443 6.662361 1.787952 1.343111 2.315666 1.451146 
711939456000000.000000 10.883007 2.541272 2.115972 4.358706 1.940261 0.972685 0.616324 1.921156 
716988672000000.000000 8.862233 2.254242 0.821679 4.309853 1.350117 2.127232 2.418037 1.964084 
722037888000000.000000 5.950833 2.044594 1.281134 5.192495 1.245731 2.296098 1.940508 2.236244 
727087104000000.000000 7.706656 1.744065 3.383278 6.207255 1.788015 1.252757 1.109800 2.351172 
732136320000000.000000 5.682423 2.928395 1.536427 5.508195 1.767733 0.958378 2.698304 2.009997 
737185536000000.000000 4.321063 0.932070 0.370356 4.404428 1.382639 2.294061 1.332339 1.920710 
742234752000000.000000 7.140885 2.629662 2.142011 3.906221 1.345756 2.364567 1.624590 1.637367 
747283968000000.000000 8.607820 2.755716 1.975979 5.932369 1.844534 1.180478 2.492534 1.095553 
752333184000000.000000 7.605267 0.766124 1.797387 6.767538 1.977904 1.177265 0.717262 1.053938 
757382400000000.000000 10.021710 0.885955 2.936760 5.807484 1.413299 2.319473 2.095806 0.880016 
762431616000000.000000 9.156811 3.373478 1.787084 3.167288 1.365732 2.349050 1.994716 1.230719 
767480832000000.000000 5.544414 2.005948 0.567171 2.432442 1.906719 1.240839 0.899058 1.650271 
772530048000000.000000 5.404476 3.075829 1.933793 3.954134 1.791639 1.049181 2.599911 1.777989 
777579264000000.000000 6.459747 2.220715 3.439079 6.913843 1.306625 2.285511 1.536345 2.191232 
782628480000000.000000 4.757519 1.931257 0.783472 7.450303 1.313305 2.256027 1.484054 2.288488 
787677696000000.000000 7.538490 0.952008 1.223363 6.087083 1.753895 0.981347 2.690259 2.100316 
792726912000000.000000 10.757832 2.654255 2.236281 3.380679 1.825867 1.239921 1.005872 2.167337 
797776128000000.000000 8.464029 2.486852 0.733411 3.043509 1.303730 2.322483 1.989599 1.838159 
802825344000000.000000 6.651911 2.403892 1.754371 3.918791 1.396960 2.229327 2.292032 1.351589 
807874560000000.000000 9.704414 1.512517 3.486234 5.666919 1.983070 1.097581 0.570780 1.238655 
812923776000000.000000 6.768804 2.304226 0.916771 5.586713 1.851077 1.265162 2.379373 0.845957 
817972992000000.000000 4.645890 1.619119 0.779165 4.685012 1.360741 2.435860 1.780113 1.038464 
823022208000000.000000 7.923778 3.239755 2.639172 3.901317 1.460785 2.319301 1.102772 1.356860 
828071424000000.000000 7.205046 2.080606 1.577590 6.047295 1.837275 0.966113 2.594880 1.558761 
833120640000000.000000 5.621823 0.847349 1.215052 6.699495 1.812107 1.321308 1.146839 2.073982 
838169856000000.000000 9.248673 1.218665 3.118155 6.072415 1.244721 2.322944 1.893593 2.146905 
843219072000000.000000 8.504542 3.215877 1.415506 3.817492 1.334339 2.072184 2.475192 2.149125 
848268288000000.000000 7.592362 2.169534 0.407733 3.413180 1.902702 0.887814 0.647388 2.307893 
853317504000000.000000 9.620893 2.167365 2.537467 5.202735 1.708613 1.364574 2.345701 1.970554 
858366720000000.000000 8.106524 2.282106 2.165258 7.689066 1.246896 2.408309 2.122440 1.637198 
863415936000000.000000 3.707995 0.530965 0.484688 7.642017 1.544749 2.190798 0.763661 1.493318 
868465152000000.000000 5.993595 1.540063 2.586913 5.965614 1.911075 0.875607 2.566164 0.947918 
873514368000000.000000 6.945294 3.878370 2.309595 2.800942 1.841780 1.541548 1.426802 0.982578 
878563584000000.000000 6.031514 2.439867 1.022887 3.110281 1.344946 2.482065 1.497633 1.095667 
883612800000000.000000 9.169592 2.351177 1.754142 3.609002 1.450064 2.103613 2.476517 1.341001 
888662016000000.000000 11.302775 0.748477 3.082445 4.296472 1.957329 0.863194 0.823436 1.880163 
893711232000000.000000 7.212621 1.599579 1.217495 4.472621 1.712362 1.438265 2.140211 1.970725 
898760448000000.000000 5.963958 3.060678 1.059862 4.232277 1.156507 2.368925 2.241884 2.157883 
903809664000000.000000 6.647857 2.513951 3.249700 3.693051 1.491070 2.030283 0.750585 2.350528 
908858880000000.000000 4.677156 2.005869 0.529880 5.589734 1.824915 0.684640 2.623957 2.041910 
913908096000000.000000 4.840119 1.926372 0.756271 6.165932 1.686801 1.634087 1.757319 1.910765 
918957312000000.000000 9.635392 1.345918 3.598795 6.279665 1.279132 2.483474 1.204078 1.711908 
924006528000000.000000 8.912553 2.775551 1.607113 5.110159 1.528426 1.971335 2.582683 1.134830 
929055744000000.000000 7.676225 2.381247 0.360288 4.098119 2.036945 0.821386 1.079888 1.064581 
934104960000000.000000 9.628796 2.806855 2.560102 4.564494 1.770708 1.657902 1.834959 0.933095 
939154176000000.000000 7.774380 1.499956 1.869266 7.272561 1.237391 2.483136 2.309656 1.134393 
944203392000000.000000 5.653276 1.121854 1.206427 7.618845 1.612014 2.042790 0.563259 1.642737 
949252608000000.000000 7.792010 1.878487 2.950929 5.675362 1.883028 0.677157 2.446560 1.762549 
954301824000000.000000 6.477317 3.602494 1.464990 2.911631 1.616712 1.664631 1.975333 2.117247 
959351040000000.000000 5.194345 1.834259 0.746827 3.132983 1.201636 2.462487 1.003980 2.308379 
964400256000000.000000 8.520281 2.582764 2.330716 3.484302 1.474169 1.796373 2.629562 2.105267 
969449472000000.000000 9.526775 2.120032 2.900015 4.861740 1.929294 0.657449 1.383566 2.141177 
974498688000000.000000 6.812450 1.806999 0.102858 5.404057 1.638274 1.768445 1.697607 1.894893 
979547904000000.000000 9.538837 2.026803 2.051264 4.590798 1.195273 2.462853 2.472868 1.366395 
984597120000000.000000 10.259618 2.656542 2.284950 3.530206 1.718957 1.903719 0.586249 1.250566 
989646336000000.000000 5.815734 1.693262 0.573216 4.322565 1.981881 0.728545 2.210808 0.902278 
994695552000000.000000 5.479643 2.840332 2.408448 4.716206 1.652927 1.849665 2.177680 0.972852 
999744768000000.000000 7.209968 2.085989 4.037526 5.043511 1.309929 2.558777 0.639933 1.370814 
1004793984000000.000000 4.952293 2.771471 0.615991 4.263779 1.568751 1.822102 2.530431 1.513191 
1009843200000000.000000 6.469916 2.459246 0.058486 3.743394 1.935947 0.662401 1.602314 2.017941 
1014892416000000.000000 9.712450 2.468577 2.605027 5.005015 1.591057 1.791955 1.470540 2.194029 
1019941632000000.000000 8.587792 0.953469 1.704883 7.504557 1.097264 2.378715 2.560628 2.131825 
1024990848000000.000000 8.023144 1.401220 1.635405 7.698715 1.653480 1.690625 0.954174 2.289764 
1030040064000000.000000 8.839536 2.290615 2.540094 5.576746 1.894350 0.643819 2.045384 2.044378 
1035089280000000.000000 6.067525 2.509408 0.764435 3.681569 1.512864 1.943700 2.363384 1.647408 
1040138496000000.000000 4.378144 2.379728 0.467975 3.797201 1.314695 2.546908 0.489034 1.516116 
1045187712000000.000000 6.547885 2.645293 3.013465 5.326153 1.686195 1.686581 2.445666 0.996087 
1050236928000000.000000 6.662791 2.364132 2.453879 6.538415 2.001622 0.792968 1.805509 0.923228 
1055286144000000.000000 6.780499 1.094359 0.719377 6.289622 1.662576 2.010250 1.079251 1.113933 
1060335360000000.000000 10.438741 2.043100 2.008737 4.863989 1.204242 2.450339 2.540784 1.261820 
1065384576000000.000000 10.037166 2.399414 1.324289 4.313621 1.723593 1.664590 1.205528 1.839021 
1070433792000000.000000 6.644855 1.897652 0.204770 5.476796 1.912403 0.697837 1.803512 2.011974 
1075483008000000.000000 8.225552 2.063022 2.964657 5.911275 1.421773 1.929909 2.495510 2.111855 
1080532224000000.000000 7.556631 2.608878 3.051937 4.256470 1.222757 2.432396 0.662352 2.356694 
1085581440000000.000000 3.503504 1.831497 1.153308 2.645439 1.642035 1.498851 2.353793 2.119758 
1090630656000000.000000 6.748330 3.374733 0.532279 2.371636 1.879094 0.805610 2.113529 1.908743 
1095679872000000.000000 9.851883 1.608131 3.465943 4.857690 1.533275 2.128832 0.799149 1.772597 
1100729088000000.000000 7.428247 1.540513 1.148332 7.029795 1.245659 2.422793 2.477881 1.208066 
1105778304000000.000000 8.072797 2.382802 1.388922 7.023570 1.848250 1.510530 1.445868 1.029767 
1110827520000000.000000 9.672202 1.700017 3.151373 4.335913 2.001699 0.895575 1.516658 0.962789 
1115876736000000.000000 6.706602 2.339881 0.567981 1.836888 1.473867 2.112514 2.515467 1.038347 
1120925952000000.000000 6.929340 3.629711 0.876590 1.507482 1.333306 2.487585 0.685523 1.604542 
1125975168000000.000000 8.102709 1.893249 3.381216 3.821605 1.721061 1.473231 2.181326 1.752089 
1131024384000000.000000 5.727895 1.907267 1.430961 5.934979 1.835320 0.809737 2.356865 2.043991 
1136073600000000.000000 6.437848 1.444969 1.134227 6.345938 1.439915 2.137610 0.639036 2.339817 
1141122816000000.000000 7.484550 2.881292 2.451262 4.627450 1.162735 2.310466 2.470099 2.146691 
1146172032000000.000000 6.747609 2.491665 1.440065 5.152029 1.771997 1.284627 1.790045 2.118387 
1151221248000000.000000 7.387861 1.582531 0.758332 6.289632 1.909834 0.951305 1.275204 1.979786 
1156270464000000.000000 10.635831 0.991012 2.946104 6.103052 1.363102 2.203919 2.535194 1.438220 
1161319680000000.000000 8.931349 2.374911 2.102094 4.430769 1.395289 2.442313 0.983503 1.257553 
1166368896000000.000000 6.397547 2.538199 1.179516 3.453286 1.869101 1.362011 1.872579 0.972490 
1171418112000000.000000 6.400883 3.279276 2.645842 3.561364 1.899892 1.027091 2.416132 0.894321 
1176467328000000.000000 4.854151 2.415599 2.681216 6.308331 1.502385 2.303265 0.469081 1.341205 
1181516544000000.000000 3.565059 0.754340 0.220373 6.952905 1.276124 2.365602 2.379460 1.459107 
1186565760000000.000000 9.044014 1.687722 2.185097 5.925098 1.794052 1.234093 1.988726 1.931997 
1191614976000000.000000 10.319447 2.121699 2.578087 3.156935 1.879297 0.991113 1.036754 2.216217 
1196664192000000.000000 8.593107 2.601066 0.561398 1.284357 1.265419 2.159290 2.613273 2.115962 
1201713408000000.000000 8.136784 3.526579 2.102211 1.929114 1.302924 2.289379 1.425581 2.258064 
1206762624000000.000000 7.385389 0.916380 2.953565 4.692118 1.817882 1.153502 1.607401 2.129833 
1211811840000000.000000 3.316549 1.154774 0.739529 6.090347 1.797401 1.115740 2.564083 1.681332 
1216861056000000.000000 6.227107 2.540923 1.770180 6.401786 1.411578 2.393268 0.701744 1.540216 
1221910272000000.000000 7.954436 2.722883 2.751799 4.573009 1.373054 2.339074 2.146347 1.097623 
1226959488000000.000000 6.951793 1.879552 0.737252 4.794052 1.913542 1.130863 2.102656 0.885149 
1232008704000000.000000 8.903542 2.771186 1.160312 5.860174 1.959224 1.237823 0.704199 1.122798 
1237057920000000.000000 9.831369 1.236423 3.279997 6.575362 1.331688 2.300094 2.492949 1.200037 
1242107136000000.000000 6.085582 1.888955 1.654244 5.576909 1.390722 2.282839 1.590630 1.757901 
1247156352000000.000000 8.623260 2.465007 1.525568 4.651502 1.858882 1.107233 1.436415 2.014688 
1252205568000000.000000 9.584734 2.848455 1.928961 4.065374 1.718267 1.138982 2.703452 2.048182 
1257254784000000.000000 7.062216 0.623636 1.701524 6.055001 1.293839 2.329979 0.977031 2.334816 
1262304000000000.000000 6.882667 1.769821 1.554719 7.286942 1.324839 2.186174 2.018611 2.178432 
1267353216000000.000000 7.552850 2.219334 2.717187 6.836196 1.828306 0.906679 2.420620 1.888799 
1272402432000000.000000 5.109663 2.513397 1.974557 3.878437 1.855712 1.377127 0.611138 1.807275 
1277451648000000.000000 5.192915 1.476936 1.069009 2.199040 1.290554 2.390590 2.287126 1.311977 
1282500864000000.000000 9.558491 3.749472 1.242372 2.652062 1.494217 2.228716 1.803110 1.005646 
1287550080000000.000000 9.554447 1.153768 2.930887 3.673820 1.993733 1.041174 1.133797 1.008590 
1292599296000000.000000 8.465519 0.784779 2.559145 5.044243 1.792986 1.357629 2.568333 0.995772 
1297648512000000.000000 8.822542 3.778037 1.679303 5.823734 1.345591 2.441829 1.089490 1.554014 
1302697728000000.000000 5.445457 0.998779 1.978377 4.749024 1.420400 2.198643 1.840515 1.750171 
1307746944000000.000000 2.278662 0.132605 1.413356 4.513999 1.815241 0.842970 2.578182 1.970710 
1312796160000000.000000 6.698946 3.904463 1.169449 4.988570 1.763592 1.405326 0.685142 2.338112 
1317845376000000.000000 8.080676 1.269303 3.338496 5.662967 1.180635 2.317620 2.295548 2.177036 
1322894592000000.000000 7.814909 1.407216 2.182036 5.575494 1.424977 2.030154 2.147352 2.065407 
1327943808000000.000000 10.610163 3.101871 1.238702 5.101801 1.942192 0.844469 0.859653 2.024195 
1332993024000000.000000 8.727631 1.863514 1.730097 4.163284 1.705657 1.485793 2.532716 1.508026 
1338042240000000.000000 4.201953 0.773396 1.172495 5.766573 1.309127 2.519367 1.476943 1.237093 
1343091456000000.000000 7.679582 2.901481 2.316385 7.562267 1.569722 2.145947 1.415634 1.039062 
1348140672000000.000000 7.862342 1.542677 2.680963 6.316931 1.937045 0.796934 2.507882 0.848353 
1353189888000000.000000 5.484479 1.418002 1.487368 3.418768 1.822411 1.621628 0.786189 1.315663 
1358239104000000.000000 8.828498 3.415545 1.452305 1.544719 1.252273 2.447809 2.113030 1.458707 
1363288320000000.000000 9.055128 2.772974 2.448299 2.587066 1.472447 1.988265 2.218710 1.866775 
1368337536000000.000000 5.653108 0.972870 1.925397 4.087453 1.933668 0.768901 0.714614 2.233517 
1373386752000000.000000 7.872888 1.637327 1.992538 6.044162 1.603760 1.505062 2.567913 2.130104 
1378435968000000.000000 9.576763 2.748690 2.206605 5.863371 1.169478 2.403761 1.854575 2.223990 
1383485184000000.000000 7.965777 0.814044 2.035890 4.099667 1.538733 1.959038 1.171182 2.190208 
1388534400000000.000000 9.104540 2.998387 1.204669 3.672801 1.869495 0.650137 2.651917 1.713136 
1393583616000000.000000 9.061439 2.798409 2.837082 4.664975 1.726342 1.754227 1.172332 1.529491 
1398632832000000.000000 4.406640 1.347122 2.286271 4.223406 1.274340 2.526960 1.763932 1.180328 
1403682048000000.000000 4.335296 0.832043 3.035690 4.549893 1.603568 1.942583 2.311167 0.832179 
1408731264000000.000000 7.107070 4.486102 1.569872 3.742876 2.054080 0.789466 0.585750 1.109429 
1413780480000000.000000 6.831360 1.896293 2.097775 3.561382 1.688009 1.699490 2.283976 1.184647 
1418829696000000.000000 9.623741 0.787491 1.967851 5.916977 1.215766 2.481044 1.918739 1.679780 
1423878912000000.000000 11.693471 1.847293 1.638297 7.448410 1.591771 1.914615 1.041705 2.026926 
1428928128000000.000000 7.311892 0.130890 0.801263 6.335474 1.831077 0.590494 2.703914 2.040131 
1433977344000000.000000 4.902726 1.386151 2.371802 4.465749 1.589519 1.766506 1.401684 2.322202 
1439026560000000.000000 5.846926 4.168654 1.961293 2.526598 1.172098 2.428837 1.642733 2.249446 
1444075776000000.000000 5.069033 1.399020 2.052233 4.069536 1.551347 1.722112 2.590750 1.899607 
1449124992000000.000000 6.702999 0.747049 1.487210 5.913527 1.989788 0.727801 0.841429 1.832211 
1454174208000000.000000 10.464435 1.960102 2.144108 7.456497 1.622415 1.852518 2.057811 1.414783 
1459223424000000.000000 9.104216 1.657973 1.640276 6.332262 1.254320 2.515165 2.142379 0.970534 
1464272640000000.000000 6.922221 1.566125 1.860538 4.529299 1.753661 1.871942 0.683489 1.015515 
1469321856000000.000000 8.440591 3.655276 1.429385 4.832198 1.949682 0.693484 2.482368 0.953192 
1474371072000000.000000 7.144634 1.281676 2.567028 5.976996 1.630568 1.932473 1.572946 1.467107 
1479420288000000.000000 7.425246 1.024769 2.689356 4.977336 1.249056 2.505880 1.358621 1.755320 
1484469504000000.000000 9.240969 2.808568 2.760665 3.459633 1.573367 1.657875 2.606087 1.919504 
1489518720000000.000000 7.975871 3.117745 1.113091 2.289360 1.918561 0.687901 1.050993 2.311409 
1494567936000000.000000 5.393787 1.850900 1.314779 3.523238 1.496249 1.879793 2.013593 2.236634 
1499617152000000.000000 6.537147 2.010136 3.008675 6.045719 1.145589 2.373290 2.408002 2.060455 
1504666368000000.000000 6.772319 3.047830 1.929289 7.062307 1.730196 1.631537 0.571277 2.069874 
1509715584000000.000000 6.805995 0.514082 1.781402 4.802828 1.899826 0.716447 2.432766 1.610150 
1514764800000000.000000 11.268705 2.071342 2.158553 1.777446 1.544486 2.075554 1.960549 1.237648 
1519814016000000.000000 10.740410 3.209679 0.418175 0.636289 1.336605 2.557472 0.893129 1.103277 
1524863232000000.000000 6.286376 2.560999 1.284252 1.826327 1.725822 1.612709 2.517011 0.802470 
1529912448000000.000000 6.149781 1.668762 3.714222 4.869013 2.010545 0.819881 1.263112 1.242280 
1534961664000000.000000 4.003598 3.297099 2.158783 6.430667 1.562076 2.036638 1.712953 1.461816 
1540010880000000.000000 4.196310 1.035117 0.534659 5.400427 1.182661 2.412748 2.404632 1.762787 
1545060096000000.000000 9.488831 1.871022 1.635411 4.478025 1.745024 1.538748 0.662899 2.201505 
1550109312000000.000000 10.435500 2.322242 1.270538 5.939130 1.835315 0.707868 2.353656 2.159166 
1555158528000000.000000 8.499152 1.080177 1.548069 6.962874 1.381679 2.053946 2.200053 2.189560 
1560207744000000.000000 8.420650 1.380561 3.347268 6.619864 1.261167 2.414117 0.757334 2.230715 
1565256960000000.000000 6.938446 3.463365 1.552354 4.753559 1.696927 1.381726 2.619859 1.773123 
1570306176000000.000000 5.035319 1.305618 0.987068 4.015807 1.946693 0.931994 1.600257 1.539121 
1575355392000000.000000 7.633746 2.206805 2.185299 4.806729 1.530192 2.188706 1.380815 1.286814 
1580404608000000.000000 8.643461 2.765073 2.339194 7.054229 1.277679 2.427734 2.490008 0.819722 
1585453824000000.000000 7.045017 0.796382 1.517765 7.026164 1.885358 1.489281 0.842917 1.085866 
1590503040000000.000000 7.520703 0.820280 2.426999 5.042561 1.952887 0.888763 2.002272 1.181584 
1595552256000000.000000 8.485366 3.616226 2.290464 1.600502 1.416796 2.151475 2.278519 1.560948 
1600601472000000.000000 6.409265 2.784785 0.996206 1.898401 1.302019 2.442102 0.637700 2.006992 
1605650688000000.000000 8.461729 2.514705 1.445897 1.895869 1.692669 1.307863 2.545853 2.027544 
1610699904000000.000000 11.605121 0.731841 3.113301 3.919368 1.830757 0.931128 1.821032 2.265964 
1615749120000000.000000 8.436766 2.024487 0.972997 5.404695 1.386454 2.183506 1.216216 2.290362 
1620798336000000.000000 6.263866 2.617877 1.067633 5.224060 1.220050 2.276692 2.618775 1.920062 
1625847552000000.000000 7.031029 2.610512 3.297770 3.925978 1.863031 1.233941 1.199556 1.832789 
1630896768000000.000000 3.519738 2.826637 0.954026 5.455605 1.905918 1.058944 1.795550 1.504243 
1635945984000000.000000 4.830654 1.672012 1.247345 5.533509 1.386210 2.276608 2.432296 0.973098 
1640995200000000.000000 10.760907 0.811751 3.538464 5.320564 1.441547 2.439599 0.448436 1.043789 
1646044416000000.000000 9.270584 2.651600 1.764818 4.442191 1.843643 1.278766 2.338141 0.948511 
1651093632000000.000000 8.430208 2.916241 0.698459 3.476965 1.888451 1.100033 2.024753 1.383308 
1656142848000000.000000 9.083191 2.546443 3.053581 4.367278 1.431283 2.295567 0.863049 1.767056 
1661192064000000.000000 4.834874 1.355441 1.300121 6.859587 1.247047 2.267440 2.552565 1.866368 
1666241280000000.000000 3.920764 1.022161 0.684794 6.947185 1.822452 1.115285 1.465186 2.248290 
1671290496000000.000000 8.066768 1.857310 2.934632 4.917178 1.805252 1.092328 1.666449 2.274168 
1676339712000000.000000 8.130864 3.397077 1.298870 2.605540 1.227869 2.238017 2.545161 2.052275 
1681388928000000.000000 7.919414 2.259067 0.813540 2.983774 1.405107 2.272900 0.701472 2.066909 
1686438144000000.000000 10.061100 1.887924 2.913850 3.659568 1.844770 1.063647 2.208753 1.680930 
1691487360000000.000000 8.985974 2.545498 2.053420 5.224643 1.827745 1.283443 2.279621 1.237831 
1696536576000000.000000 6.002961 1.537550 0.288531 5.764678 1.436444 2.437867 0.513600 1.145675 
1701585792000000.000000 9.730499 2.299779 2.548809 4.585985 1.394678 2.276744 2.452448 0.802581 
1706635008000000.000000 9.827273 2.655075 1.659737 4.228287 1.938211 1.087547 1.654507 1.192530 
1711684224000000.000000 6.979706 2.164898 0.254301 5.119691 1.894158 1.253106 1.325976 1.490071 
1716733440000000.000000 8.841445 2.231467 3.192277 5.069216 1.249690 2.302359 2.552412 1.695577 
1721782656000000.000000 7.960032 2.747953 3.041156 3.766689 1.401130 2.218805 0.983634 2.167509 
1726831872000000.000000 3.398762 1.775197 1.153494 2.773076 1.823387 0.951854 2.001913 2.203946 
1731881088000000.000000 6.747195 3.224261 0.391988 2.420904 1.687722 1.292912 2.463215 2.158243 
1736930304000000.000000 9.857182 2.078391 3.178572 4.754842 1.275766 2.408048 0.607690 2.239773 
1741979520000000.000000 8.911900 0.921655 1.900693 6.897731 1.382425 2.109752 2.404077 1.837716 
1747028736000000.000000 10.249369 2.211246 1.736482 6.826975 1.932926 0.862956 1.910469 1.531312 
1752077952000000.000000 9.065417 2.128735 2.119416 4.687408 1.858609 1.475417 1.015229 1.341751 
1757127168000000.000000 3.920448 0.799813 0.526825 3.526380 1.276171 2.436252 2.518091 0.833988 
1762176384000000.000000 4.198001 3.539895 1.596926 3.622333 1.557586 2.203017 1.229330 1.034200 
1767225600000000.000000 7.011901 2.304262 3.233039 5.580129 1.965149 0.944348 1.689583 1.193002 
1772274816000000.000000 7.437777 1.556018 1.532233 6.674674 1.736363 1.409902 2.525748 1.484682 
1777324032000000.000000 10.241593 1.721044 1.486062 6.656505 1.294533 2.446356 0.648171 2.000654 
1782373248000000.000000 11.003001 1.936249 1.797419 4.863450 1.381751 2.078134 2.287249 2.053315 
1787422464000000.000000 7.039780 1.081312 0.236707 4.843179 1.845174 0.724694 2.182237 2.217481 
1792471680000000.000000 7.046997 3.303857 1.333222 5.825235 1.727157 1.501547 0.824714 2.336310 
1797520896000000.000000 8.847536 1.189526 3.633553 5.468161 1.142793 2.373731 2.497245 1.988873 
1802570112000000.000000 6.805453 2.200640 1.929804 3.097111 1.541539 2.012393 1.587949 1.818456 
1807619328000000.000000 9.960767 3.087774 1.383037 1.897874 1.978993 0.791241 1.416044 1.576967 
1812668544000000.000000 10.501457 2.942142 2.377832 1.955331 1.704076 1.615826 2.544282 1.006682 
1817717760000000.000000 6.558517 0.565158 2.077020 4.818412 1.348396 2.563713 0.751113 1.019506 
1822766976000000.000000 4.735623 1.657678 2.347175 6.715121 1.557625 2.074275 2.060009 0.944137 
1827816192000000.000000 7.283179 3.090204 2.423224 6.422952 1.934231 0.746592 2.329780 1.283196 
1832865408000000.000000 7.311198 1.823059 2.463499 3.449004 1.773103 1.642793 0.551615 1.763072 
1837914624000000.000000 10.604675 2.329605 1.080245 2.117048 1.170233 2.403460 2.433700 1.840596 
1842963840000000.000000 11.507088 2.708219 1.742039 2.647735 1.499458 1.915940 1.871149 2.190238 
1848013056000000.000000 7.643825 1.144970 1.909981 3.341123 1.907449 0.683334 1.217644 2.339264 
1853062272000000.000000 4.543378 1.012278 2.789299 5.167505 1.556088 1.628546 2.619524 2.082340 
1858111488000000.000000 4.187432 4.251019 2.219929 5.243610 1.221440 2.474077 1.174764 2.065369 
1863160704000000.000000 4.463651 1.871188 1.968126 4.095110 1.586127 1.900215 1.786377 1.783778 
1868209920000000.000000 8.936915 0.736470 0.746696 5.789340 1.932360 0.679662 2.459164 1.271872 
1873259136000000.000000 12.660946 2.023663 1.767846 7.369224 1.741068 1.873132 0.589119 1.165888 
1878308352000000.000000 8.981196 0.131379 2.016509 6.366605 1.259662 2.509453 2.218002 0.836588 
1883357568000000.000000 6.839439 1.624913 2.723192 4.247575 1.658501 1.871130 1.964145 1.099653 
1888406784000000.000000 7.586531 4.488765 1.457868 2.411899 2.012743 0.763362 0.946377 1.479685 
1893456000000000.000000 5.665823 0.653079 2.317276 4.200966 1.583766 1.733588 2.609104 1.621670 
1898505216000000.000000 8.484845 0.327003 1.929629 6.196308 1.208133 2.454751 1.447836 2.104572 
1903554432000000.000000 11.099341 2.613604 1.430890 7.244301 1.579043 1.785121 1.569278 2.237115 
1908603648000000.000000 9.535575 0.100890 1.633118 5.334506 1.821566 0.579188 2.671398 2.127555 
1913652864000000.000000 6.122124 1.283088 2.449356 2.692590 1.575687 1.891884 0.923266 2.248712 
1918702080000000.000000 5.981832 4.593753 1.584516 1.351207 1.170708 2.443925 2.067060 1.937907 
1923751296000000.000000 5.553004 1.595816 2.806109 2.858090 1.673114 1.668844 2.204975 1.538594 
1928800512000000.000000 7.174222 0.982806 1.977467 4.167382 2.033706 0.776460 0.669582 1.396069 
1933849728000000.000000 11.579522 1.728262 2.398824 5.536479 1.577618 1.950534 2.416708 0.908897 
1938898944000000.000000 9.968575 2.407671 0.923579 4.935002 1.300001 2.539981 1.630127 0.970905 
1943948160000000.000000 7.982510 2.561567 1.951728 4.145136 1.753232 1.761846 1.281062 1.191372 
1948997376000000.000000 6.948250 2.912513 2.408096 5.586680 1.897308 0.687036 2.642357 1.401011 
1954046592000000.000000 2.718031 1.598048 1.973520 7.249985 1.578866 1.975715 0.996427 1.961150 
1959095808000000.000000 5.897390 1.218806 1.282070 6.846418 1.180832 2.420414 1.992988 2.053727 
1964145024000000.000000 10.561979 1.551732 2.470087 5.811233 1.605670 1.526764 2.473146 2.144282 
1969194240000000.000000 10.136641 2.832702 0.784042 3.994602 1.921784 0.735205 0.654625 2.349358 
1974243456000000.000000 8.755000 2.035165 1.107752 4.246200 1.441206 1.963096 2.341310 2.052353 
1979292672000000.000000 9.520439 2.290328 2.766292 6.470689 1.224412 2.425272 2.014393 1.792083 
1984341888000000.000000 6.757983 1.397592 1.726379 7.174553 1.793602 1.584381 0.954895 1.639192 
1989391104000000.000000 5.949420 0.346019 1.177584 5.812787 1.922701 0.798863 2.545567 1.081592 
1994440320000000.000000 10.190701 2.851261 2.383240 3.114339 1.574008 2.174093 1.231553 1.001498 
1999489536000000.000000 9.899031 2.969791 0.909209 2.857333 1.313408 2.524348 1.660284 0.978761 
2004538752000000.000000 8.079382 2.356725 1.584533 3.916359 1.740131 1.498783 2.474111 1.197690 
2009587968000000.000000 9.406145 1.540774 3.539295 5.365564 1.981075 0.862691 0.673548 1.734436 
2014637184000000.000000 5.186556 2.772468 0.985168 5.739111 1.450779 2.038411 2.247517 1.827997 
2019686400000000.000000 3.485357 0.930378 0.224342 5.404330 1.195094 2.356359 2.189020 2.115269 
2024735616000000.000000 8.848172 2.044683 2.763040 4.221860 1.746777 1.431847 0.815304 2.359410 
2029784832000000.000000 9.177943 3.057171 0.984528 4.799378 1.794284 0.796151 2.646874 2.101249 
2034834048000000.000000 9.205471 1.889189 2.215412 5.699713 1.406013 2.165893 1.673777 2.034620 
2039883264000000.000000 11.132999 1.027096 3.370193 5.870187 1.299731 2.414754 1.304526 1.854418 
2044932480000000.000000 6.566396 2.575771 0.729909 4.770819 1.778661 1.325990 2.560514 1.303589 
2049981696000000.000000 1.299210 1.778830 0.697785 3.852503 1.991752 1.051157 0.995572 1.158745 
2055030912000000.000000 6.616440 3.472233 2.410254 3.875319 1.483006 2.241804 1.906594 0.904410 
2060080128000000.000000 8.795546 2.013941 2.570573 6.660828 1.322341 2.408412 2.178660 1.024467 
2065129344000000.000000 8.062516 0.660050 1.285991 7.086493 1.885121 1.406407 0.632688 1.474599 
2070178560000000.000000 11.174778 1.482129 2.228912 5.757314 1.851233 0.924923 2.510680 1.601738 
2075227776000000.000000 9.767130 2.641783 1.245410 3.231886 1.365835 2.197887 1.842834 2.042846 
2080276992000000.000000 5.799868 1.887200 0.379459 2.904585 1.290320 2.343021 1.145675 2.262072 
2085326208000000.000000 8.154456 2.791829 2.278437 4.421450 1.698449 1.157030 2.723511 2.116558 
2090375424000000.000000 9.076354 1.841713 2.510200 6.583779 1.842231 1.065457 1.320482 2.237601 
2095424640000000.000000 7.773804 0.906696 0.911889 6.963740 1.356791 2.239633 1.743010 2.021606 
2100473856000000.000000 9.521678 2.213138 2.382643 5.778850 1.310318 2.281892 2.437786 1.540526 
2105523072000000.000000 8.326600 3.125495 1.871920 4.069942 1.939025 1.228069 0.619841 1.407622 
2110572288000000.000000 4.095585 1.078201 0.664994 5.018728 1.896677 1.131867 2.202474 0.986702 
2115621504000000.000000 5.564242 2.938924 2.046271 5.766202 1.392499 2.360524 2.013582 0.895314 
2120670720000000.000000 8.499299 1.574013 4.061930 5.133003 1.436004 2.400257 0.814124 1.197823 
2125719936000000.000000 8.757691 2.627618 1.497001 3.149896 1.824589 1.136672 2.564519 1.355995 
2130769152000000.000000 11.011801 3.263848 0.655169 2.022874 1.856618 1.177344 1.409982 1.908732 
2135818368000000.000000 10.253062 1.053897 2.519773 3.422119 1.326712 2.283526 1.614371 2.083157 
2140867584000000.000000 4.705149 0.533722 1.247856 5.596204 1.264380 2.166002 2.583688 2.111571 
2145916800000000.000000 3.283809 3.097991 1.552732 6.696182 1.860313 1.008218 0.872840 2.353950 
2150966016000000.000000 6.788987 1.886012 3.436943 5.065340 1.757638 1.188594 2.130066 2.129100 
2156015232000000.000000 7.036572 2.813917 1.171114 2.359632 1.247656 2.336288 2.342516 1.791454 
2161064448000000.000000 9.622908 2.846379 0.355592 1.637417 1.474621 2.273367 0.556006 1.685344 
2166113664000000.000000 11.926897 1.929161 2.372697 3.516609 1.884487 0.995398 2.458331 1.158672 
2171162880000000.000000 8.143472 0.718048 1.539665 6.378296 1.874901 1.386284 1.719294 0.951605 
2176212096000000.000000 7.236954 2.059947 2.078053 7.610490 1.397018 2.459951 1.154803 1.002944 
2181261312000000.000000 8.610468 2.727916 2.639083 5.669183 1.399481 2.216305 2.492734 1.108603 
2186310528000000.000000 6.885215 1.923229 0.788129 4.427225 1.950588 0.985900 1.078468 1.674992 
2191359744000000.000000 8.434369 2.812094 0.545085 5.216811 1.794994 1.297065 1.912294 1.848786 
2196408960000000.000000 9.647278 1.849817 3.356207 5.733412 1.185469 2.318876 2.400762 2.065564 
2201458176000000.000000 6.394601 2.172442 2.117516 4.353254 1.430764 2.143420 0.600208 2.363744 
2206507392000000.000000 5.610134 1.631074 1.737003 3.721258 1.805345 0.805292 2.491081 2.154033 
2211556608000000.000000 7.410563 3.624096 2.162421 2.879803 1.702733 1.441242 2.083777 2.033085 
2216605824000000.000000 7.550700 1.765115 2.855532 4.921309 1.295861 2.446601 0.848249 1.930110 
2221655040000000.000000 9.668923 1.582628 0.639239 6.407403 1.447382 2.078999 2.556950 1.375978 
2226704256000000.000000 11.727795 1.684328 2.437736 5.791863 1.999719 0.870040 1.428342 1.152448 
2231753472000000.000000 8.462187 1.568472 1.977645 2.864672 1.842639 1.527266 1.534343 0.974441 
2236802688000000.000000 4.473998 2.063753 1.904840 0.745730 1.263768 2.463528 2.400469 0.916002 
2241851904000000.000000 4.651374 4.774620 1.982153 0.295973 1.566826 2.167121 0.634074 1.426041 
2246901120000000.000000 5.585653 1.030504 3.235282 3.267037 1.903728 0.818733 2.238568 1.586817 
2251950336000000.000000 6.923410 1.144882 1.414854 5.658099 1.679222 1.514780 2.204617 1.952562 
2256999552000000.000000 11.889081 2.290677 1.597782 6.480458 1.238106 2.438615 0.736500 2.262356 
2262048768000000.000000 10.648551 1.572310 1.273171 5.051241 1.404033 1.937944 2.583817 2.132294 
2267097984000000.000000 6.826015 1.094074 1.080165 4.957270 1.893763 0.690865 1.695558 2.216075 
2272147200000000.000000 8.151225 3.457404 1.993257 6.315861 1.690475 1.618555 1.396842 2.096507 
2277196416000000.000000 7.503187 1.232499 2.952607 6.950020 1.173408 2.419323 2.580734 1.584698 
2282245632000000.000000 6.138003 0.859083 1.592490 6.217101 1.645791 2.001758 0.932646 1.426284 
2287294848000000.000000 9.580976 2.979787 1.807488 5.219443 1.984497 0.773982 1.930897 1.087608 
2292344064000000.000000 9.038787 2.638236 2.284871 3.908513 1.697578 1.714449 2.377694 0.834182 
2297393280000000.000000 6.096186 0.566450 0.980600 5.315952 1.336321 2.573822 0.464192 1.195584 
2302442496000000.000000 6.326647 2.807089 1.787209 6.489875 1.539714 1.964319 2.390228 1.307013 
2307491712000000.000000 8.028500 1.961249 3.220781 5.859953 1.936073 0.679079 1.851556 1.810909 
2312540928000000.000000 7.369826 2.014815 1.843615 2.763254 1.678718 1.692059 1.158015 2.095165 
2317590144000000.000000 10.834087 2.737352 0.955039 0.841287 1.101443 2.387069 2.589613 2.076947 
2322639360000000.000000 11.394026 2.645855 1.906338 1.532659 1.580510 1.810636 1.266078 2.309142 
2327688576000000.000000 6.818308 1.401728 1.786192 3.038161 1.901402 0.631846 1.798234 2.184995 
2332737792000000.000000 4.356517 1.584833 2.796165 5.670020 1.537752 1.788518 2.555651 1.803024 
2337787008000000.000000 4.550722 4.113505 2.419818 6.150196 1.283515 2.528875 0.549901 1.717594 
2342836224000000.000000 4.557013 1.169556 2.110849 4.367828 1.629845 1.823427 2.291337 1.242053 
2347885440000000.000000 9.532872 1.480752 1.078306 4.337857 1.989774 0.734342 2.105021 0.925877 
2352934656000000.000000 12.501532 3.061074 1.462507 5.198465 1.728765 1.911544 0.712029 1.048037 
2357983872000000.000000 8.895695 0.984185 2.375671 4.500502 1.216506 2.485659 2.478568 1.045980 
2363033088000000.000000 7.065604 1.210228 3.308437 4.040171 1.674750 1.802852 1.511876 1.606586 
2368082304000000.000000 7.401656 4.362887 1.305023 3.141186 1.953075 0.676564 1.526622 1.871352 
2373131520000000.000000 6.007726 1.180331 1.908147 3.120226 1.500161 1.805362 2.568128 1.997606 
2378180736000000.000000 8.026582 1.412496 1.931178 5.237386 1.203301 2.464347 0.810613 2.329160 
2383229952000000.000000 10.230263 2.208051 2.239524 7.167519 1.580618 1.654727 2.181491 2.195888 
2388279168000000.000000 8.967246 1.156425 1.395407 5.977602 1.864047 0.662556 2.363346 2.010475 
2393328384000000.000000 5.620381 0.899315 1.841789 3.985316 1.585409 2.004194 0.585351 1.960047 
2398377600000000.000000 6.361307 4.027059 1.990332 2.575084 1.203506 2.447104 2.424108 1.439612 
2403426816000000.000000 6.713517 2.200370 2.602805 4.257107 1.767075 1.644770 1.754541 1.137737 
2408476032000000.000000 8.279193 0.244000 1.806868 5.654757 2.031633 0.820086 1.191851 1.036025 
2413525248000000.000000 11.795536 1.916317 1.621864 6.951392 1.542631 1.989939 2.560403 0.866798 
2418574464000000.000000 10.097889 1.235230 1.438486 6.280720 1.316850 2.527374 0.998309 1.391136 
2423623680000000.000000 5.949429 1.331533 2.286302 4.685766 1.704372 1.662008 1.889593 1.593716 
2428672896000000.000000 3.951396 4.092634 1.788423 4.198795 1.856747 0.700207 2.501010 1.876169 
2433722112000000.000000 2.952554 2.268666 3.040731 5.629869 1.513759 2.024017 0.655432 2.267127 
2438771328000000.000000 6.974939 1.268501 2.039842 4.674412 1.143728 2.360333 2.337078 2.166882 
2443820544000000.000000 11.800194 1.435604 2.368182 3.599741 1.692548 1.432146 2.012086 2.177309 
2448869760000000.000000 10.731385 2.841201 0.298862 2.420995 1.922321 0.830229 1.023553 2.140240 
2453918976000000.000000 7.404864 2.569980 1.241109 2.678324 1.410977 2.080497 2.560136 1.645103 
2458968192000000.000000 7.440433 2.309026 3.614333 5.225500 1.333327 2.456254 1.342968 1.415046 
2464017408000000.000000 5.118460 2.655279 1.368132 6.776445 1.827390 1.521348 1.578005 1.146681 
2469066624000000.000000 6.366274 0.808107 1.018836 5.676327 1.919932 0.902163 2.540124 0.801850 
2474115840000000.000000 11.019681 1.593616 2.967861 3.802194 1.566757 2.212726 0.659151 1.176927 
2479165056000000.000000 10.605433 3.067216 0.774654 2.087432 1.273090 2.435978 2.170362 1.290278 
2484214272000000.000000 8.018934 2.262901 0.837523 2.766597 1.747795 1.410641 2.185456 1.731350 
2489263488000000.000000 6.481719 2.272557 3.247477 5.444975 1.924028 0.879944 0.767013 2.119263 
2494312704000000.000000 4.716965 2.773164 2.185211 7.442340 1.345960 2.061991 2.518952 2.086697 
2499361920000000.000000 5.082922 0.712088 1.036028 6.315350 1.238701 2.334093 1.710790 2.268249 
2504411136000000.000000 10.877816 1.354408 1.995362 4.379363 1.774634 1.312087 1.345472 2.253249 
2509460352000000.000000 11.373188 2.786911 0.551413 4.452306 1.803107 0.942974 2.621111 1.851254 
2514509568000000.000000 8.343069 2.291949 1.785835 5.058517 1.437534 2.292070 0.961874 1.721817 
2519558784000000.000000 8.555457 1.279368 4.053356 4.360898 1.331734 2.388506 1.941642 1.328960 
2524608000000000.000000 4.404593 3.956919 1.810235 3.193538 1.856251 1.252761 2.320722 0.900293 
2529657216000000.000000 2.415420 1.658898 1.148033 2.662253 1.999373 1.123119 0.511927 1.040842 
2534706432000000.000000 8.735217 2.231370 1.643634 3.141101 1.413464 2.252520 2.346760 1.010739 
2539755648000000.000000 11.362217 1.745009 2.403693 5.904615 1.340345 2.357845 1.870314 1.524850 
2544804864000000.000000 9.095401 1.654588 0.833033 6.821202 1.852733 1.277542 1.101617 1.889452 
2549854080000000.000000 8.457936 1.570508 2.665192 4.948444 1.775992 0.973029 2.671963 1.958667 
2554903296000000.000000 7.559391 3.590183 2.313632 1.626789 1.327007 2.255503 1.295340 2.299905 
2559952512000000.000000 4.162742 1.778018 0.924481 1.706898 1.277534 2.284080 1.732461 2.270710 
2565001728000000.000000 7.821263 2.761097 1.477950 1.875624 1.769691 1.034133 2.552247 2.014681 
2570050944000000.000000 11.363955 1.059439 3.281008 4.334116 1.873330 1.206846 0.786724 1.986312 
2575100160000000.000000 8.880828 1.986920 1.359105 5.593401 1.324332 2.324935 2.127057 1.559970 
2580149376000000.000000 7.921005 3.099493 1.700794 4.734920 1.413374 2.296020 2.039510 1.132838 
2585198592000000.000000 7.113309 2.865782 2.824030 4.353211 1.974114 1.163974 0.820072 1.066429 
2590247808000000.000000 1.598346 1.248692 1.021819 6.672733 1.853138 1.205141 2.539384 0.833751 
2595297024000000.000000 6.245848 1.679392 1.188713 6.932443 1.386336 2.395992 1.453570 1.310663 
2600346240000000.000000 10.493252 1.360086 3.355536 5.544500 1.401972 2.318484 1.476299 1.582334 
2605395456000000.000000 9.620180 2.721549 1.270293 3.111516 1.795944 0.997692 2.651421 1.793293 
2610444672000000.000000 9.414456 3.372370 1.501755 2.648632 1.817539 1.244779 0.966096 2.250646 
2615493888000000.000000 8.249828 1.387483 3.159547 4.974923 1.242420 2.277083 2.056709 2.210511 
2620543104000000.000000 2.626341 1.621105 0.292484 6.577206 1.327838 2.132108 2.334127 2.130315 
2625592320000000.000000 4.786150 1.926639 0.679147 6.320683 1.909425 0.950397 0.681014 2.178524 
2630641536000000.000000 9.949960 1.353182 3.039914 3.912408 1.745396 1.314944 2.441401 1.742367 
2635690752000000.000000 10.145174 3.268908 1.076868 1.141072 1.299982 2.449090 1.805700 1.417256 
2640739968000000.000000 8.313497 3.108797 0.595614 1.371944 1.520107 2.257361 1.087979 1.222288 
2645789184000000.000000 9.776480 2.109438 3.183601 3.067633 1.913150 0.916599 2.549606 0.807644 
2650838400000000.000000 6.686693 2.087788 2.347305 5.093869 1.873154 1.480662 1.079515 1.134694 
2655887616000000.000000 5.494628 0.917136 1.410246 5.763581 1.326848 2.431171 1.858918 1.274913 
2660936832000000.000000 9.686814 2.988139 1.717833 4.862678 1.412507 2.113314 2.408948 1.629671 
2665986048000000.000000 9.461256 1.725879 1.954557 4.641496 1.930338 0.904737 0.601285 2.101386 
2671035264000000.000000 8.717831 1.988499 0.888345 6.037170 1.689609 1.355437 2.391585 2.084642 
2676084480000000.000000 8.161813 2.389839 2.967328 7.001723 1.170589 2.355457 2.146391 2.207988 
2681133696000000.000000 4.961019 2.281552 2.520154 6.061534 1.471176 2.075499 0.861361 2.297157 
2686182912000000.000000 2.699704 1.095722 0.859130 4.784284 1.841233 0.730077 2.623415 1.892479 
2691232128000000.000000 8.225214 2.823816 1.088673 3.831338 1.746592 1.597165 1.486113 1.709288 
2696281344000000.000000 9.875342 2.172979 2.498049 5.034953 1.290209 2.500417 1.498177 1.422097 
2701330560000000.000000 9.004411 1.598438 1.611088 6.967383 1.527482 2.038645 2.446969 0.917451 
2706379776000000.000000 9.293810 2.013006 2.772604 6.712448 2.045829 0.846554 0.746046 1.034661 
2711428992000000.000000 6.256631 2.403667 1.937627 3.493664 1.765741 1.586452 2.098015 1.022338 
2716478208000000.000000 0.933495 1.277032 1.014028 1.848922 1.236488 2.472751 2.149936 1.432723 
2721527424000000.000000 7.381721 4.004238 1.070272 2.064381 1.562746 2.051941 0.720029 1.876305 
2726576640000000.000000 10.320675 1.016458 3.229772 3.253654 1.838382 0.683799 2.652417 1.923768 
2731625856000000.000000 7.771113 1.787031 1.483493 5.076475 1.639388 1.608593 1.735576 2.247444 
2736675072000000.000000 9.318222 2.992290 1.165622 5.783748 1.197036 2.426064 1.301179 2.309600 
2741724288000000.000000 8.888686 1.859923 2.807809 4.151531 1.461537 1.837959 2.660500 2.007738 
2746773504000000.000000 4.834806 1.848833 0.338935 4.811068 1.961497 0.708800 1.167025 1.975926 
2751822720000000.000000 7.614632 2.971092 0.452684 5.358686 1.679310 1.714380 1.826614 1.651748 
2756871936000000.000000 10.786437 1.107160 3.564972 4.830611 1.224319 2.494810 2.304730 1.130484 
2761921152000000.000000 8.181725 1.879304 2.467768 3.405520 1.698273 1.985495 0.534590 1.077748 
2766970368000000.000000 8.569125 3.332958 1.406928 2.644169 1.965165 0.716193 2.377217 0.857920 
2772019584000000.000000 6.750087 3.617691 2.801076 2.332526 1.684041 1.798335 1.862207 1.237055 
2777068800000000.000000 2.360045 0.835039 2.383301 5.406891 1.284161 2.534014 1.019398 1.588967 
2782118016000000.000000 5.374258 0.391422 1.322311 6.757415 1.526296 1.817650 2.614304 1.746569 
2787167232000000.000000 9.985815 2.281916 1.851924 6.547440 1.920745 0.661434 1.330569 2.211638 
2792216448000000.000000 9.600270 1.701626 1.998548 4.236820 1.582763 1.739773 1.766966 2.252588 
2797265664000000.000000 9.246203 2.550429 1.225328 3.273274 1.111607 2.374618 2.553918 2.103151 
2802314880000000.000000 8.330518 3.049734 2.532177 4.451629 1.653368 1.766183 0.673052 2.187142 
2807364096000000.000000 4.356929 1.184749 2.053965 5.676000 1.901777 0.652235 2.250505 1.826219 
2812413312000000.000000 3.085432 0.294446 0.940020 6.420325 1.575207 1.927391 2.215548 1.406369 
2817462528000000.000000 8.890885 2.904756 2.204213 6.206746 1.320957 2.567215 0.610713 1.263915 
2822511744000000.000000 9.515514 2.333839 2.073185 4.433647 1.671427 1.764596 2.447857 0.824378 
2827560960000000.000000 7.028122 1.487368 0.271327 5.263450 2.020183 0.770507 1.513166 1.062905 
2832610176000000.000000 8.886758 3.196710 2.066501 6.267225 1.652178 1.943912 1.447552 1.294363 
2837659392000000.000000 8.336279 1.193690 3.546443 4.984135 1.177661 2.432471 2.488784 1.556520 
2842708608000000.000000 4.878539 2.076203 1.560293 2.459066 1.699792 1.699506 0.844600 2.070636 
2847757824000000.000000 9.363169 3.303195 1.051141 1.294752 1.872158 0.653938 2.129817 2.121801 
2852807040000000.000000 11.282525 2.263738 2.628092 2.242296 1.433678 1.915082 2.412353 2.179717 
2857856256000000.000000 7.479186 0.544987 2.074013 5.040527 1.233476 2.437118 0.572549 2.326889 
2862905472000000.000000 5.663706 2.302471 1.981768 6.698586 1.628711 1.544466 2.514479 1.956756 
2867954688000000.000000 4.907818 2.923099 3.099862 5.464759 1.924320 0.790292 1.904595 1.701583 
2873003904000000.000000 3.497304 2.595099 2.041893 2.706483 1.588948 2.081987 1.051453 1.502439 
2878053120000000.000000 7.454753 1.867849 0.738339 2.373225 1.244581 2.461342 2.493336 0.945161 
2883102336000000.000000 11.263349 3.138427 2.125661 2.798217 1.830394 1.623047 1.174110 0.985738 
2888151552000000.000000 9.525199 0.266613 2.752385 3.706306 1.997760 0.814491 1.727972 1.041508 
2893200768000000.000000 7.905258 1.443707 2.255642 5.176576 1.490496 2.061177 2.376347 1.333232 
2898249984000000.000000 6.500405 4.191051 2.074479 4.701745 1.290028 2.493825 0.571523 1.845401 
2903299200000000.000000 2.831910 1.856531 2.116092 4.253179 1.663467 1.498176 2.409862 1.929813 
2908348416000000.000000 4.483618 0.061085 0.302005 6.365761 1.847391 0.777341 2.087068 2.204393 
2913397632000000.000000 8.621728 2.358791 1.935136 7.528587 1.451430 2.085359 0.891678 2.353394 
2918446848000000.000000 9.269287 1.715829 2.876488 6.074707 1.157229 2.317041 2.600542 2.051431 
2923496064000000.000000 6.836745 1.926092 0.795699 3.821531 1.787461 1.365973 1.541530 1.981818 
2928545280000000.000000 7.638073 3.428791 0.759339 3.032015 1.931972 0.913167 1.494028 1.747609 
2933594496000000.000000 8.675549 2.127470 3.276798 5.077328 1.418368 2.167689 2.529101 1.163860 
2938643712000000.000000 6.026469 1.508863 1.460169 6.944515 1.393535 2.498911 0.704744 1.081082 
2943692928000000.000000 7.646685 2.002565 1.102474 7.094594 1.825090 1.440452 2.096068 0.886293 
2948742144000000.000000 9.043847 1.977974 3.096595 4.932076 1.918976 0.950970 2.240269 1.127040 
2953791360000000.000000 5.264916 3.143791 1.188295 2.196787 1.510854 2.233222 0.605062 1.574479 
2958840576000000.000000 3.032499 1.867574 0.756955 2.017275 1.227163 2.366810 2.433438 1.706165 
2963889792000000.000000 8.722593 3.115008 2.217688 2.936828 1.774438 1.270393 1.723837 2.132913 
2968939008000000.000000 10.100919 0.987854 3.127513 4.268040 1.860841 0.936320 1.391205 2.281072 
2973988224000000.000000 8.398159 1.554198 1.305080 4.878269 1.275447 2.133358 2.633345 2.107743 
2979037440000000.000000 9.658643 3.387442 1.532443 4.440373 1.322221 2.330281 1.026270 2.184208 
2984086656000000.000000 8.801461 1.730852 2.308140 4.299775 1.802721 1.214414 1.944445 1.914649 
2989135872000000.000000 3.304949 0.620279 0.147148 6.012937 1.838248 1.096053 2.495673 1.436343 
2994185088000000.000000 4.720843 3.050130 1.562870 6.814944 1.467744 2.355587 0.484917 1.316302 
2999234304000000.000000 8.317831 1.562174 3.676007 6.437531 1.349032 2.364938 2.293714 0.888623 
3004283520000000.000000 7.953897 2.522493 1.296195 4.771454 1.897811 1.223011 1.924303 0.983667 
3009332736000000.000000 8.712253 2.789795 0.818557 3.742182 1.960912 1.132643 0.993463 1.308270 
3014381952000000.000000 9.191606 2.674608 2.720244 4.252920 1.327398 2.244401 2.530923 1.474261 
3019431168000000.000000 6.147355 1.323478 1.511738 6.516286 1.351400 2.316668 1.295255 1.993955 
3024480384000000.000000 6.829900 1.412246 1.073965 6.790123 1.813144 1.131627 1.714783 2.143664 
3029529600000000.000000 9.751933 1.752287 2.790718 4.801037 1.726371 1.106466 2.588532 2.136845 
3034578816000000.000000 8.251536 3.108677 1.252228 2.083397 1.313273 2.328922 0.724153 2.315634 
3039628032000000.000000 8.181134 2.388785 0.129574 2.251139 1.314204 2.205474 2.270599 2.011448 
3044677248000000.000000 6.383931 2.760279 3.086442 3.335686 1.863027 0.978212 2.197111 1.696889 
3049726464000000.000000 4.273830 2.787683 3.217083 5.119997 1.892900 1.321516 0.691007 1.566510 
3054775680000000.000000 4.167239 1.820835 0.364625 5.452136 1.314593 2.368816 2.471049 1.022004 
3059824896000000.000000 9.555541 1.796499 1.480241 4.744562 1.489635 2.280000 1.591609 0.953803 
3064874112000000.000000 11.644072 1.975768 2.228760 3.881899 1.965503 1.099825 1.345216 1.080523 
3069923328000000.000000 9.265636 2.088052 0.062121 5.072134 1.797826 1.267896 2.578969 1.241176 
3074972544000000.000000 7.421787 2.833438 3.020972 5.416519 1.342715 2.414902 0.886236 1.806272 
3080021760000000.000000 5.840432 2.296738 3.552259 4.207007 1.353114 2.199479 2.067824 1.937259 
3085070976000000.000000 1.428137 2.707951 0.419895 2.782239 1.815375 0.860375 2.378668 2.127417 
3090120192000000.000000 7.379821 2.502953 0.144760 2.504385 1.778646 1.356662 0.671688 2.358587 
3095169408000000.000000 11.953103 2.099553 2.525361 4.204642 1.173376 2.330921 2.411844 2.094029 
3100218624000000.000000 10.431231 0.980337 1.685008 6.637126 1.446147 2.084683 1.873653 1.949796 
3105267840000000.000000 7.164538 1.682733 1.560103 6.858273 1.955889 0.884799 1.131709 1.797800 
3110317056000000.000000 7.763637 2.663267 2.855203 4.806243 1.735033 1.451563 2.615055 1.210810 
3115366272000000.000000 5.501099 3.013951 1.487912 2.921089 1.352377 2.525416 1.111432 1.077268 
3120415488000000.000000 6.865392 1.934440 0.209755 3.321202 1.525546 2.195724 1.764871 0.931810 
3125464704000000.000000 10.929168 2.054299 2.491966 4.979767 1.921461 0.847299 2.487379 1.048845 
3130513920000000.000000 9.573673 1.651492 2.030828 6.608777 1.836464 1.512929 0.611612 1.574319 
3135563136000000.000000 7.382729 1.279293 1.149631 6.735592 1.231068 2.403288 2.246397 1.691067 
3140612352000000.000000 4.388658 2.765108 2.857621 5.169696 1.432245 2.032318 2.075221 2.058769 
3145661568000000.000000 2.672089 3.606105 2.078419 4.363524 1.906873 0.784781 0.976732 2.314843 
3150710784000000.000000 5.528855 1.149159 1.498760 5.653963 1.618566 1.459505 2.605564 2.130882 
3155760000000000.000000 10.066077 1.450716 2.275356 5.440464 1.204230 2.442930 1.486050 2.157357 
3160809216000000.000000 11.743553 1.376726 2.929054 3.596122 1.519062 2.014519 1.508273 1.978227 
3165858432000000.000000 8.474174 2.112855 1.386133 1.827245 1.900724 0.691819 2.583070 1.467493 
3170907648000000.000000 6.192201 4.264944 1.611946 1.082948 1.780677 1.721982 0.827093 1.319159 
3175956864000000.000000 4.605609 1.779259 3.838189 3.881644 1.279910 2.500523 2.042293 0.942304 
3181006080000000.000000 2.666434 1.929085 0.721927 6.185980 1.586415 2.005009 2.181326 0.913524 
3186055296000000.000000 9.304744 1.968305 0.612065 6.381694 2.031469 0.827254 0.641192 1.311378 
3191104512000000.000000 12.534293 0.974407 2.711804 3.935720 1.676272 1.599713 2.494961 1.434960 
3196153728000000.000000 9.181426 2.263311 1.021201 1.457799 1.214980 2.452541 1.750255 1.933059 
3201202944000000.000000 7.095400 3.676964 0.696914 1.268081 1.538484 1.953007 1.233111 2.182069 
3206252160000000.000000 7.409583 1.906217 3.463508 3.250300 1.814882 0.589976 2.683012 2.123237 
3211301376000000.000000 5.032138 2.389433 1.924213 5.465532 1.623458 1.732099 1.182822 2.304920 
3216350592000000.000000 8.486560 1.256583 1.049069 5.889894 1.173950 2.437238 1.859907 2.100708 
3221399808000000.000000 11.339488 2.473833 1.627021 4.494516 1.577731 1.788324 2.380495 1.712713 
3226449024000000.000000 9.805110 1.408947 1.231535 5.287874 2.017816 0.755132 0.605103 1.589160 
3231498240000000.000000 6.819585 2.426205 1.364522 6.890468 1.644798 1.821710 2.281308 1.105019 
3236547456000000.000000 4.375128 2.359119 3.763699 7.131671 1.277084 2.520587 1.919253 0.895957 
3241596672000000.000000 1.715990 3.111399 2.318322 4.925221 1.716316 1.916135 0.942832 1.076358 
3246645888000000.000000 6.698385 1.505179 0.572310 3.574636 1.921198 0.695582 2.616221 1.176675 
3251695104000000.000000 11.175565 2.554511 1.750056 3.600324 1.648069 1.855346 1.327796 1.756852 
3256744320000000.000000 10.769305 1.102048 2.123360 5.646627 1.213037 2.452299 1.671286 1.958427 
3261793536000000.000000 7.986682 1.651572 1.002718 6.648095 1.537178 1.698356 2.575956 2.070880 
3266842752000000.000000 7.164949 2.275991 3.100242 5.941673 1.917647 0.668398 0.853840 2.365664 
3271891968000000.000000 3.971992 3.054483 2.214800 2.921932 1.513756 1.826068 2.136135 2.183166 
3276941184000000.000000 4.489576 1.668958 0.628905 1.477935 1.172624 2.420769 2.210003 1.938370 
3281990400000000.000000 10.486800 3.348247 1.057966 1.933861 1.726372 1.715066 0.738310 1.845910 
3287039616000000.000000 11.676436 0.783473 2.889121 4.041513 1.918879 0.700207 2.507600 1.313581 
3292088832000000.000000 7.533347 1.154507 1.635512 5.599888 1.612403 2.051650 1.565031 1.059692 
3297138048000000.000000 7.693448 3.075688 2.049170 6.095212 1.319602 2.554650 1.310919 0.968857 
3302187264000000.000000 7.010332 2.904584 2.683174 4.405011 1.689229 1.654641 2.547390 0.960962 
3307236480000000.000000 4.951955 1.629864 0.926860 4.929800 2.008105 0.796652 0.955112 1.521179 
3312285696000000.000000 9.805026 2.296578 0.592168 5.697724 1.552545 1.947478 1.990928 1.677650 
3317334912000000.000000 11.850253 1.230219 2.598581 6.252299 1.160382 2.390173 2.372901 1.967503 
3322384128000000.000000 9.244498 0.772140 2.017170 5.645356 1.702668 1.591151 0.622719 2.325594 
3327433344000000.000000 6.540502 2.723069 1.773721 4.714307 1.823119 0.664258 2.512058 2.166940 
3332482560000000.000000 3.560737 3.659038 2.817252 3.276306 1.430447 2.032000 1.984401 2.128698 
3337531776000000.000000 2.705816 1.794221 2.043123 5.305621 1.259487 2.461678 0.975417 2.054043 
3342580992000000.000000 7.465272 0.825351 0.503444 6.273217 1.708383 1.462029 2.560803 1.540646 
3347630208000000.000000 12.326511 1.441902 2.475977 5.781246 1.989056 0.901564 1.307005 1.320561 
3352679424000000.000000 9.985154 1.795141 1.967079 2.915976 1.551440 2.148061 1.668620 1.036461 
3357728640000000.000000 7.872309 2.803167 1.277173 1.125147 1.280336 2.459618 2.346228 0.850367 
3362777856000000.000000 7.706143 3.935385 2.671195 2.247028 1.853461 1.551746 0.546168 1.282169 
3367827072000000.000000 4.528188 1.165821 2.704499 4.390849 1.916106 0.819637 2.323582 1.401581 
3372876288000000.000000 6.455785 0.717567 1.040840 6.005648 1.429288 2.097855 2.132101 1.839316 
3377925504000000.000000 10.233669 3.126969 1.915729 6.329236 1.269571 2.419906 0.789386 2.182188 
3382974720000000.000000 8.734143 1.888507 2.431102 4.130590 1.652038 1.342082 2.675809 2.095850 
3388023936000000.000000 6.179597 1.499369 0.498558 3.957220 1.859131 0.895241 1.640507 2.264756 
3393073152000000.000000 7.460708 3.668013 1.350198 4.304098 1.414101 2.140736 1.450897 2.173819 
3398122368000000.000000 8.721276 1.153779 3.834523 4.498937 1.224446 2.330000 2.542331 1.731077 
3403171584000000.000000 6.740040 2.270670 1.553958 4.023216 1.878393 1.348692 0.888449 1.601151 
3408220800000000.000000 10.715829 2.630648 0.931309 3.500135 1.933119 0.992062 1.985600 1.216958 
3413270016000000.000000 11.180693 2.536424 2.178887 2.918278 1.427580 2.270025 2.223777 0.869879 
3418319232000000.000000 7.145521 0.119008 1.329027 5.161103 1.411297 2.484930 0.556351 1.083338 
3423368448000000.000000 3.195677 2.128612 1.930788 6.505696 1.802391 1.313519 2.501447 1.138931 
3428417664000000.000000 5.518403 2.795245 3.070640 6.388766 1.895845 1.029124 1.716897 1.685697 
3433466880000000.000000 6.405361 2.528153 2.092666 4.026808 1.421155 2.226191 1.269177 1.962771 
3438516096000000.000000 7.881532 1.383441 0.668303 2.920202 1.210558 2.260587 2.644093 2.013896 
3443565312000000.000000 10.939411 3.029629 1.760330 3.532584 1.810501 1.171887 1.195154 2.331141 
3448614528000000.000000 10.367788 0.837923 2.113498 5.934898 1.811218 1.024120 1.872022 2.231469 
3453663744000000.000000 6.879115 0.299381 1.058931 7.099556 1.270560 2.237945 2.509429 1.915939 
3458712960000000.000000 7.188324 2.848849 2.770342 6.826025 1.398140 2.336926 0.566143 1.860473 
3463762176000000.000000 6.872995 2.943561 2.215403 4.351004 1.845669 1.141813 2.326535 1.396983 
3468811392000000.000000 5.707340 1.353859 0.415549 4.563412 1.891080 1.223138 1.997187 1.039096 
3473860608000000.000000 5.777006 3.455902 1.594797 5.321184 1.450736 2.415402 0.827544 1.015035 
3478909824000000.000000 7.961264 1.627038 3.966903 5.207983 1.356151 2.308536 2.471925 0.923249 
3483959040000000.000000 6.077212 2.752436 1.566710 3.552489 1.928552 1.127173 1.348954 1.460429 
3489008256000000.000000 8.884368 2.356683 0.826298 2.860348 1.870319 1.166548 1.664244 1.696850 
3494057472000000.000000 10.925812 2.673629 2.512740 2.567100 1.239306 2.267039 2.535269 1.913038 
3499106688000000.000000 8.446204 1.300985 1.787710 4.880911 1.377034 2.237876 0.661991 2.308701 
3504155904000000.000000 7.472845 1.968953 0.898375 5.874774 1.785747 0.974381 2.304383 2.204279 
3509205120000000.000000 7.220680 2.217264 3.229922 5.415239 1.722052 1.244265 2.347334 2.102016 
3514254336000000.000000 3.881216 3.325684 2.493848 3.142134 1.319483 2.393822 0.593299 2.093930 
3519303552000000.000000 5.304850 1.449941 0.729902 2.198638 1.372210 2.174271 2.478985 1.598766 
3524352768000000.000000 10.010358 2.967972 1.346568 2.666175 1.954187 0.964022 1.714358 1.290077 
3529401984000000.000000 11.228327 1.417559 2.871737 5.769273 1.892405 1.378071 1.264942 1.099419 
3534451200000000.000000 7.920502 0.691249 1.043559 7.196915 1.298013 2.417847 2.447575 0.803434 
3539500416000000.000000 8.999402 2.321506 2.300257 6.601011 1.518757 2.264192 0.877667 1.232874 
3544549632000000.000000 8.855921 2.964417 2.122166 4.217955 1.914746 0.976307 1.990991 1.413183 
3549598848000000.000000 6.405069 1.247561 0.670315 4.934802 1.739847 1.352093 2.379847 1.765842 
3554648064000000.000000 7.514349 2.848558 1.685071 5.609118 1.287945 2.409552 0.583421 2.177855 
3559697280000000.000000 9.515640 1.377008 3.421801 5.701244 1.340227 2.065503 2.486949 2.120486 
3564746496000000.000000 7.205968 2.569601 0.400471 4.700851 1.850132 0.780179 1.968437 2.241651 
3569795712000000.000000 4.227007 2.020352 0.364441 4.234317 1.749832 1.453241 1.080467 2.239771 
3574844928000000.000000 7.490361 2.380687 3.061375 3.492555 1.175833 2.363968 2.597395 1.781407 
3579894144000000.000000 8.586156 3.085758 1.510068 5.047852 1.551180 2.093669 1.307022 1.594868 
3584943360000000.000000 8.587449 1.659537 1.313178 5.109041 1.976186 0.866481 1.624352 1.302011 
3589992576000000.000000 11.265018 0.837670 3.167196 4.489586 1.744940 1.558050 2.481822 0.834118 
3595041792000000.000000 9.292275 2.923825 1.533920 3.402571 1.360399 2.550198 0.591662 1.057635 
3600091008000000.000000 4.784067 2.131446 1.007214 2.739412 1.509158 2.110071 2.200760 1.123237 
3605140224000000.000000 3.307483 3.730625 2.248339 3.105417 1.926409 0.770702 2.066731 1.592785 
3610189440000000.000000 5.237336 2.060318 3.340428 6.361154 1.758160 1.565989 0.858734 1.973024 
3615238656000000.000000 7.418657 1.231934 1.011871 7.388677 1.141551 2.366708 2.540614 2.003391 
3620287872000000.000000 11.036656 1.511248 1.665036 6.659682 1.502424 1.928784 1.569873 2.294902 
3625337088000000.000000 10.934195 2.342398 1.745322 4.551869 1.891138 0.701595 1.521148 2.292739 
3630386304000000.000000 6.930595 1.193639 0.341472 4.441808 1.581410 1.620892 2.652274 1.947077 
3635435520000000.000000 6.790238 3.066681 1.983154 5.248848 1.266975 2.491697 0.859276 1.891177 
3640484736000000.000000 8.334093 1.762202 3.346610 6.381087 1.566704 1.949244 2.050483 1.499957 
3645533952000000.000000 6.608232 1.885694 0.933178 5.694198 1.958898 0.727965 2.332518 1.028578 
3650583168000000.000000 9.418241 2.113720 1.294015 4.619519 1.786760 1.802419 0.510530 1.041901 
3655632384000000.000000 9.954672 2.910959 2.184791 3.540472 1.246736 2.494782 2.323910 0.889482 
3660681600000000.000000 6.668801 1.144182 1.125737 5.331094 1.620986 1.947793 1.769695 1.355386 
3665730816000000.000000 3.330971 2.024895 1.144855 6.008256 1.984745 0.737800 1.225909 1.703498 
3670780032000000.000000 7.782357 1.610604 3.223152 5.452894 1.576658 1.675287 2.592043 1.857389 
3675829248000000.000000 8.625826 3.196007 1.758613 3.286301 1.200061 2.460132 1.083803 2.260716 
3680878464000000.000000 9.613911 2.435928 0.319405 2.678634 1.534435 1.814248 1.920157 2.248448 
3685927680000000.000000 11.250331 1.798201 2.317113 4.494363 1.839223 0.584864 2.554812 2.095481 
3690976896000000.000000 8.904358 1.325432 1.421080 6.885618 1.623995 1.865102 0.636405 2.125469 
3696026112000000.000000 2.422802 1.444964 0.960379 7.477583 1.187172 2.453053 2.278093 1.692086 
3701075328000000.000000 4.428883 2.229799 3.190637 6.304329 1.678787 1.756139 2.048196 1.296882 
3706124544000000.000000 6.192861 3.572474 2.244513 3.325444 2.043575 0.773627 0.851851 1.176495 
3711173760000000.000000 8.955610 2.409003 0.765496 3.175102 1.613964 1.870816 2.521204 0.799041 
3716222976000000.000000 11.224799 2.309516 2.548217 4.578020 1.296841 2.553675 1.366058 1.163075 
3721272192000000.000000 9.912893 0.927816 2.495088 5.522779 1.683687 1.829336 1.544448 1.411387 
3726321408000000.000000 4.932647 0.527504 1.315228 5.105650 1.889286 0.636088 2.575099 1.666281 
3731370624000000.000000 6.505886 3.372934 1.866023 4.135298 1.587316 1.913374 0.841474 2.139539 
3736419840000000.000000 7.328543 2.749658 2.483154 3.522602 1.139393 2.413267 2.167062 2.139445 
3741469056000000.000000 8.164427 0.862521 0.928107 5.356357 1.609160 1.587353 2.233075 2.189015 
3746518272000000.000000 10.876565 1.897832 1.593874 6.527474 1.933340 0.715487 0.761226 2.266086 
3751567488000000.000000 10.289137 1.392149 2.434267 6.123962 1.464498 1.928854 2.524230 1.849740 
3756616704000000.000000 5.285688 1.472261 0.790615 4.606392 1.268269 2.470809 1.710570 1.593893 
3761665920000000.000000 3.418131 2.918581 1.710039 3.450889 1.776827 1.666509 1.231802 1.382498 
3766715136000000.000000 7.715987 3.466842 2.375786 4.330822 1.928777 0.776357 2.616345 0.858821 
3771764352000000.000000 8.034649 1.116254 2.578780 6.818761 1.625339 2.098715 0.990181 1.048053 
3776813568000000.000000 10.790755 0.842212 1.972158 7.399778 1.277606 2.503691 1.903298 1.128712 
3781862784000000.000000 12.214403 2.077800 1.606539 6.116043 1.694603 1.574701 2.365541 1.488044 
3786912000000000.000000 7.849335 1.013970 0.342010 4.524852 1.971987 0.791935 0.622351 1.963966 
3791961216000000.000000 2.035152 2.766192 1.376272 4.389917 1.444231 1.963082 2.373870 1.996539 
3797010432000000.000000 4.374776 3.173763 3.063977 6.185227 1.178294 2.374051 1.968755 2.215322 
3802059648000000.000000 6.256728 1.587513 2.625200 6.351171 1.722431 1.479795 1.082810 2.319852 
3807108864000000.000000 9.355623 0.937314 1.057409 5.106750 1.815225 0.777773 2.658047 1.976807 
3812158080000000.000000 10.887370 3.089816 1.743964 3.548362 1.468797 2.162829 1.287355 1.879705 
3817207296000000.000000 9.033213 1.990157 1.772443 3.654794 1.293875 2.442934 1.685120 1.574476 
3822256512000000.000000 5.256645 0.923322 0.566932 5.279504 1.784963 1.401795 2.494615 1.041025 
3827305728000000.000000 7.562509 2.671568 2.527603 6.765044 2.016093 0.994263 0.655899 1.057264 
3832354944000000.000000 7.904990 2.070002 2.930873 6.094771 1.498653 2.163901 2.154461 0.907266 
3837404160000000.000000 9.010802 1.767041 1.263524 4.025008 1.300931 2.418925 2.102316 1.282686 
3842453376000000.000000 10.586882 3.426054 1.165364 2.773068 1.831632 1.461639 0.799215 1.724107 
3847502592000000.000000 9.094001 1.744541 2.361767 4.682822 1.830038 0.834554 2.603247 1.822736 
3852551808000000.000000 3.544278 1.146001 1.275001 6.271354 1.384253 2.166209 1.584877 2.207634 
3857601024000000.000000 4.531541 1.558379 2.434488 7.213569 1.245617 2.350367 1.435994 2.295582 
3862650240000000.000000 8.353363 2.966269 2.132523 6.072188 1.705392 1.190944 2.629222 2.085809 
3867699456000000.000000 8.226314 1.934987 1.736911 4.372448 1.885055 1.040280 1.034352 2.113961 
3872748672000000.000000 10.699358 2.301104 1.002948 4.660437 1.371318 2.243440 1.963204 1.771571 
3877797888000000.000000 11.491916 1.993359 2.327804 5.785756 1.332497 2.341240 2.250277 1.296786 
3882847104000000.000000 6.625510 0.939035 1.671941 5.210435 1.943058 1.298811 0.567174 1.195636 
3887896320000000.000000 2.494133 0.686240 2.575776 4.254187 1.896787 1.062594 2.447187 0.819253 
3892945536000000.000000 6.304038 4.308388 1.945542 2.457609 1.422213 2.326477 1.787284 1.096721 
3897994752000000.000000 7.634075 2.284167 2.153362 2.766599 1.388957 2.415467 1.101709 1.418672 
3903043968000000.000000 7.685244 0.847339 1.340823 5.043370 1.778013 1.176476 2.649770 1.603972 
3908093184000000.000000 9.496978 2.490009 2.168610 7.117997 1.860593 1.081441 1.254375 2.121041 
3913142400000000.000000 7.795123 1.763731 2.317388 6.759189 1.317187 2.229418 1.803562 2.195179 
3918191616000000.000000 4.994655 0.790402 1.043297 5.025293 1.247687 2.212077 2.454810 2.154183 
3923240832000000.000000 8.318378 3.113955 1.727561 3.364726 1.864904 1.082048 0.705687 2.279672 
3928290048000000.000000 9.359794 2.904448 1.987049 4.531341 1.785086 1.135336 2.297265 1.939951 
3933339264000000.000000 8.564184 0.490101 2.189328 6.115833 1.302830 2.362620 2.067232 1.591033 
3938388480000000.000000 7.802318 1.505927 3.227083 6.848284 1.460826 2.330232 0.804163 1.418497 
3943437696000000.000000 5.464345 3.745453 1.910809 5.444248 1.882103 1.050496 2.532292 0.896765 
3948486912000000.000000 2.222578 1.752042 1.603995 4.292145 1.914055 1.327936 1.395584 0.996523 
3953536128000000.000000 6.431009 1.496499 1.167881 5.067495 1.401287 2.400090 1.547067 1.127156 
3958585344000000.000000 10.093027 2.531618 2.086748 6.720343 1.355661 2.231995 2.513918 1.395614 
3963634560000000.000000 9.355322 0.833102 2.058332 6.599917 1.915599 1.049372 0.787598 1.939728 
3968683776000000.000000 8.496634 0.693005 2.157191 4.966089 1.775234 1.200802 2.146112 2.019560 
3973732992000000.000000 7.711060 3.789101 1.821897 2.482689 1.198686 2.293867 2.338045 2.163768 
3978782208000000.000000 4.340561 2.409684 1.915382 3.023412 1.402394 2.189688 0.666039 2.359989 
3983831424000000.000000 3.015903 1.456989 0.829788 4.689218 1.804836 0.865751 2.530158 2.051967 
3988880640000000.000000 9.277185 1.290254 2.412447 6.599750 1.765067 1.415502 1.778604 1.874224 
3993929856000000.000000 10.401826 2.778049 2.022656 6.809111 1.318735 2.450280 1.195504 1.659792 
3998979072000000.000000 6.607499 0.590367 0.906626 5.307568 1.451806 2.141339 2.498558 1.097064 
4004028288000000.000000 7.142582 2.452883 1.928789 4.194573 2.017554 0.943652 1.056713 1.027119 
4009077504000000.000000 8.615788 3.568552 2.073294 5.535265 1.838495 1.457768 1.845048 0.927303 
4014126720000000.000000 6.707947 0.106017 2.319518 6.208074 1.272285 2.426146 2.326935 1.174705 
4019175936000000.000000 7.920113 0.365481 2.808436 5.772966 1.528351 2.180302 0.503387 1.694479 
4024225152000000.000000 10.183423 3.401345 1.909046 4.066503 1.845742 0.845985 2.496576 1.792120 
4029274368000000.000000 7.786031 2.095825 1.582895 3.165670 1.690001 1.449342 2.035003 2.138740 
4034323584000000.000000 0.910388 1.653727 1.034372 4.472055 1.242685 2.401937 0.940918 2.334972 
4039372800000000.000000 5.815061 2.279271 2.629025 6.372518 1.380542 1.965797 2.628409 2.100646 
4044422016000000.000000 8.434277 2.528199 2.233453 6.804901 1.912741 0.746101 1.501540 2.100588 
4049471232000000.000000 8.418937 0.645801 1.948040 4.971115 1.731410 1.565859 1.567416 1.883271 
4054520448000000.000000 10.768567 2.681898 1.962257 2.687099 1.212172 2.451964 2.428541 1.341894 
4059569664000000.000000 9.570475 3.200617 1.447584 2.259449 1.632299 2.091358 0.624860 1.210237 
4064618880000000.000000 3.905075 1.401806 0.958849 3.982454 1.970777 0.806919 2.192523 0.887190 
4069668096000000.000000 3.737940 1.564405 2.815443 6.114297 1.734550 1.660555 2.134723 1.005529 
4074717312000000.000000 6.679119 3.386316 2.915771 6.998684 1.324799 2.531167 0.665163 1.399995 
4079766528000000.000000 8.061656 1.808412 1.218646 5.333070 1.483677 1.972614 2.559122 1.540048 
4084815744000000.000000 9.661374 1.574951 1.297962 4.628387 1.917944 0.713891 1.638550 2.049520 
4089864960000000.000000 9.769056 3.210967 1.967441 5.903287 1.670374 1.598248 1.451567 2.218400 
4094914176000000.000000 6.733476 0.626644 2.210079 6.625091 1.104818 2.361713 2.634798 2.112166 
4099963392000000.000000 5.653494 0.715155 1.872702 5.834574 1.572977 1.886174 0.974871 2.267403 
4105012608000000.000000 9.609474 2.884498 2.305486 4.222739 1.898379 0.652336 2.002943 2.026680 
4110061824000000.000000 9.691393 2.823362 1.494234 2.835162 1.600881 1.755595 2.417712 1.597929 
4115111040000000.000000 7.438605 1.383265 1.524876 4.131466 1.306412 2.564535 0.509773 1.463859 
4120160256000000.000000 7.538677 2.442579 2.807687 6.155426 1.609650 1.892858 2.345399 0.983383 
4125209472000000.000000 4.215858 2.878586 2.535976 6.823053 2.010461 0.733213 1.789871 0.946846 
4130258688000000.000000 2.379388 1.135539 1.510320 5.031719 1.739962 1.836535 1.124744 1.148716 
4135307904000000.000000 9.529852 1.045328 1.857113 3.000579 1.192395 2.463022 2.533369 1.315063 
4140357120000000.000000 12.364964 3.317499 0.782846 2.046245 1.645303 1.848367 1.149044 1.877157 
4145406336000000.000000 9.537484 2.067816 1.490495 3.377648 1.912470 0.659677 1.853584 2.026162 
4150455552000000.000000 8.107008 1.087000 3.233355 5.132929 1.499892 1.755268 2.583103 2.104973 
4155504768000000.000000 6.981955 3.678866 2.336371 5.977756 1.210484 2.446856 0.609142 2.355967 
4160553984000000.000000 2.068876 1.089102 0.987919 5.092616 1.558418 1.712857 2.363968 2.091891 
4165603200000000.000000 6.782119 1.132245 1.356871 4.531104 1.904783 0.681081 2.177798 1.845816 
4170652416000000.000000 10.650593 3.296417 1.954228 5.135794 1.639551 1.948364 0.750715 1.718552 
4175701632000000.000000 9.916958 1.479188 1.807282 5.882779 1.212500 2.477194 2.452901 1.166330 
4180750848000000.000000 7.619509 0.986452 2.567688 5.337704 1.760719 1.750945 1.490065 0.996950 
4185800064000000.000000 8.249936 3.225045 2.992828 4.423269 2.026450 0.763953 1.452228 0.984999 
4190849280000000.000000 5.986052 3.097881 1.418813 2.629669 1.563905 1.940840 2.470157 1.108302 
4195898496000000.000000 7.196878 1.316027 0.932441 3.107575 1.292205 2.536881 0.673434 1.656424 
4200947712000000.000000 11.424206 2.022245 2.298452 5.141445 1.633180 1.678919 2.226357 1.793396 
4205996928000000.000000 11.059656 1.340638 1.433170 6.500154 1.856685 0.666779 2.322641 2.079977 
4211046144000000.000000 8.002474 0.840248 1.796527 5.708401 1.530196 1.974936 0.634076 2.346372 
4216095360000000.000000 5.833471 3.050956 2.948593 3.536631 1.124946 2.354172 2.524862 2.121815 
4221144576000000.000000 1.642419 3.908635 1.888274 2.837718 1.697684 1.511039 1.852348 2.072413 
4226193792000000.000000 4.693289 0.342407 1.833526 4.420118 1.948675 0.788072 1.210823 1.942821 
4231243008000000.000000 11.304749 0.545696 1.929522 6.050265 1.464831 2.047525 2.567848 1.378638 
4236292224000000.000000 12.873564 2.261700 1.790149 7.040988 1.341047 2.522051 1.036274 1.192339 
4241341440000000.000000 8.666344 1.215936 1.019458 6.031195 1.794126 1.605008 1.828235 0.949938 
4246390656000000.000000 7.966691 2.380570 2.499368 4.119018 1.940520 0.827477 2.394469 0.927865 
4251439872000000.000000 6.732217 3.883628 2.062851 4.731225 1.580299 2.154572 0.560565 1.388223 
4256489088000000.000000 3.939617 0.539231 1.593833 5.192620 1.222060 2.437360 2.303432 1.533270 
4261538304000000.000000 9.146344 1.212905 2.291849 4.625686 1.728447 1.433248 1.938889 1.985737 
4266587520000000.000000 11.307975 2.392202 2.387628 3.555055 1.906025 0.809888 1.105074 2.245874 
4271636736000000.000000 10.032701 2.067586 0.100624 2.381836 1.340045 2.031315 2.644614 2.123518 
4276685952000000.000000 6.348196 2.854497 1.850161 2.542127 1.250900 2.371442 1.374888 2.249233 
4281735168000000.000000 6.324718 2.594732 3.208387 5.142270 1.756708 1.366860 1.643868 2.097978 
4286784384000000.000000 3.798304 2.115219 1.533442 6.638810 1.841544 0.905913 2.621810 1.621201 
4291833600000000.000000 6.787498 0.790655 1.423984 6.073480 1.500571 2.261685 0.756732 1.483503 
4296882816000000.000000 11.621869 1.567330 2.807081 4.459430 1.311012 2.437781 2.080608 1.061056 
4301932032000000.000000 10.348412 2.829124 0.654927 2.651119 1.849309 1.360874 2.126421 0.862193 
4306981248000000.000000 7.263373 3.300547 1.739873 3.331926 2.008956 1.010316 0.713936 1.153255 
4312030464000000.000000 5.933441 2.037453 3.600135 6.189453 1.410372 2.180030 2.440089 1.264552 
4317079680000000.000000 1.239038 2.534400 1.749207 7.331039 1.304729 2.391180 1.578243 1.799490 
4322128896000000.000000 6.579871 0.306369 0.421343 6.517100 1.800586 1.315955 1.422608 2.055929 
4327178112000000.000000 10.924322 1.845350 1.755163 4.539855 1.769947 0.924206 2.648295 2.091572 
4332227328000000.000000 10.612409 2.721167 1.255447 4.836632 1.355690 2.230207 0.974676 2.353216 
4337276544000000.000000 8.106741 1.931571 1.049763 5.403481 1.254939 2.283889 2.055115 2.164096 
4342325760000000.000000 7.685379 1.361339 3.352047 5.057781 1.784612 1.112987 2.421448 1.852458 
4347374976000000.000000 6.367528 3.612269 2.128061 3.757628 1.919386 1.154196 0.564314 1.772241 
4352424192000000.000000 5.892208 1.533559 0.592376 3.061712 1.366713 2.289263 2.321786 1.262264 
4357473408000000.000000 10.137466 1.953502 2.087674 3.155389 1.411758 2.351887 1.896371 0.953848 
4362522624000000.000000 11.317082 2.300835 1.824106 5.102758 1.946667 1.258890 1.001434 1.016163 
4367571840000000.000000 7.920748 1.126404 0.593814 6.031370 1.858977 1.118554 2.549473 1.023229 
4372621056000000.000000 4.038898 1.868210 3.078778 5.889949 1.401235 2.351239 1.178359 1.583427 
4377670272000000.000000 4.389140 3.424598 3.354406 4.358954 1.335166 2.313320 1.779417 1.797314 
4382719488000000.000000 5.054254 3.000466 0.822442 2.688311 1.776466 1.033365 2.509864 2.006891 
4387768704000000.000000 8.933792 1.817835 1.144642 3.720162 1.823501 1.199435 0.750467 2.340069 
4392817920000000.000000 12.456405 0.873744 2.336689 6.039748 1.233882 2.259157 2.258110 2.180410 
4397867136000000.000000 9.740393 0.731723 1.323757 7.188433 1.350708 2.155919 2.134670 2.063199 
4402916352000000.000000 4.777085 2.227153 2.034838 6.609167 1.913723 1.016678 0.835049 2.006291 
4407965568000000.000000 2.698377 3.306981 2.823638 4.067521 1.765742 1.280824 2.595726 1.461699 
4413014784000000.000000 3.168761 3.137311 1.831620 4.288819 1.360450 2.447650 1.504507 1.199629 
4418064000000000.000000 7.816203 1.500728 0.997859 4.959540 1.491736 2.292964 1.394078 1.022051 
4423113216000000.000000 11.125097 1.285695 2.736682 5.545505 1.895824 0.989517 2.567990 0.853451 
4428162432000000.000000 9.563306 2.538827 1.895489 5.182763 1.889054 1.388904 0.900827 1.351683 
4433211648000000.000000 5.736616 1.132432 0.622726 4.410750 1.313424 2.382555 2.002860 1.513649 
4438260864000000.000000 5.983212 3.069857 2.162848 3.608106 1.375470 2.143940 2.242909 1.875980 
4443310080000000.000000 7.034923 2.833298 2.424045 5.380423 1.898970 0.934746 0.750148 2.240625 
4448359296000000.000000 7.944496 0.616149 1.177278 6.734764 1.681346 1.300351 2.528422 2.139983 
4453408512000000.000000 10.594709 0.929230 2.405075 6.555230 1.203726 2.376533 1.811285 2.207837 
4458457728000000.000000 9.992630 2.848455 2.445496 4.257796 1.456616 2.114224 1.188540 2.149322 
4463506944000000.000000 4.915613 1.962428 0.812747 2.867862 1.856656 0.782649 2.655040 1.672771 
4468556160000000.000000 2.083737 2.857138 0.562995 3.504213 1.806275 1.564039 1.164719 1.503430 
4473605376000000.000000 8.302575 2.100032 3.693869 5.612317 1.310766 2.472867 1.789087 1.158596 
4478654592000000.000000 8.782543 2.548856 1.875691 6.732586 1.509374 2.104280 2.379287 0.823510 
4483703808000000.000000 9.149016 1.704723 0.906153 6.090394 2.033352 0.914755 0.520119 1.155582 
4488753024000000.000000 11.364254 1.830430 2.537005 3.989108 1.763975 1.471672 2.316965 1.233684 
4493802240000000.000000 7.975991 2.569411 0.686866 3.312214 1.234436 2.444105 2.020217 1.701870 
4498851456000000.000000 1.528514 2.246984 0.064584 3.407159 1.503473 2.100869 0.911010 2.064930 
4503900672000000.000000 6.328693 2.272965 2.927903 4.406016 1.818390 0.684981 2.656228 2.058044 
4508949888000000.000000 9.472907 2.740726 2.634505 5.331564 1.669914 1.566792 1.451778 2.301191 
4513999104000000.000000 7.434525 1.527219 0.282910 4.719392 1.191571 2.425340 1.624596 2.216202 
4519048320000000.000000 7.210907 2.466083 1.530195 3.924676 1.476837 1.906613 2.532253 1.858338 
4524097536000000.000000 8.574362 3.130432 2.596808 5.387323 1.990457 0.751978 0.788710 1.777852 
4529146752000000.000000 5.775643 1.006821 1.651108 6.929920 1.707450 1.671348 2.102701 1.352970 
4534195968000000.000000 6.796392 0.960936 1.773209 6.586691 1.260193 2.503895 2.182945 0.945392 
4539245184000000.000000 11.234254 2.653853 3.053974 4.837689 1.665323 2.053840 0.611968 1.047620 
4544294400000000.000000 9.222773 2.636357 0.393282 3.092066 1.934809 0.744834 2.549456 0.990718 
4549343616000000.000000 5.410293 2.129619 0.729780 3.812005 1.716450 1.713440 1.638948 1.527660 
4554392832000000.000000 2.507461 2.664891 3.522505 5.851241 1.253631 2.477265 1.321905 1.818201 
4559442048000000.000000 4.286431 3.076426 2.361216 7.105627 1.470357 1.860703 2.620660 1.940662 
4564491264000000.000000 7.591388 0.891583 1.530543 5.677217 1.919263 0.664643 1.124353 2.312586 
4569540480000000.000000 11.123016 1.115999 2.053079 3.586200 1.595853 1.681709 1.927861 2.241471 
4574589696000000.000000 10.844035 3.505234 1.235979 2.280350 1.130808 2.406926 2.373347 2.032972 
4579638912000000.000000 7.548570 1.255840 1.330979 3.072181 1.650835 1.853262 0.611443 2.013262 
4584688128000000.000000 5.506727 2.205065 2.305487 3.778329 1.913581 0.657407 2.433519 1.538037 
4589737344000000.000000 6.532294 2.904013 3.476507 5.166185 1.643170 1.893526 1.891657 1.187712 
4594786560000000.000000 5.554837 3.185371 1.298606 4.605133 1.325937 2.568358 0.958033 1.064056 
4599835776000000.000000 8.299963 1.208851 0.747928 4.063622 1.635336 1.817237 2.560710 0.817560 
4604884992000000.000000 9.329597 2.655412 2.588056 4.541236 2.013403 0.761601 1.270677 1.317663 
4609934208000000.000000 7.077664 2.898407 2.037810 6.379732 1.654643 1.831520 1.715931 1.526471 
4614983424000000.000000 4.178608 0.982971 1.443064 5.893809 1.158645 2.415151 2.474435 1.798367 
4620032640000000.000000 9.180055 0.838545 2.897117 5.194643 1.649365 1.754718 0.668596 2.242704 
4625081856000000.000000 10.566820 3.363339 1.199052 3.559552 1.847198 0.603121 2.322473 2.184879 
4630131072000000.000000 9.718174 1.331129 1.166106 3.177805 1.476717 1.887719 2.220248 2.173260 
4635180288000000.000000 8.187682 2.211780 2.517437 4.743482 1.229663 2.471309 0.735541 2.193941 
4640229504000000.000000 5.845257 2.935164 2.598714 6.712931 1.631155 1.602817 2.511825 1.743869 
4645278720000000.000000 0.200167 1.805517 2.139792 5.689324 1.976873 0.782682 1.578527 1.489050 
4650327936000000.000000 7.943583 0.292923 1.279097 3.712112 1.616274 2.041852 1.405454 1.220536 
4655377152000000.000000 12.686052 2.883940 1.484462 1.789577 1.246007 2.481740 2.457152 0.795958 
4660426368000000.000000 12.165506 2.275917 1.400859 2.806462 1.813191 1.690396 0.762680 1.113586 
4665475584000000.000000 7.081992 1.831307 1.881043 3.893432 1.966234 0.757616 2.072411 1.225153 
4670524800000000.000000 7.471858 2.427217 3.235425 5.831746 1.492545 1.984097 2.338492 1.623531 
4675574016000000.000000 5.914725 3.321617 1.928750 5.758872 1.261815 2.475233 0.551807 2.071131 
4680623232000000.000000 6.096820 0.348742 0.724448 4.691520 1.615624 1.523915 2.541023 2.060184 
4685672448000000.000000 10.643322 2.088660 1.862627 3.841935 1.862269 0.735799 1.910277 2.263125 
4690721664000000.000000 10.972090 3.053256 1.717674 4.904407 1.473902 2.033619 1.156365 2.290741 
4695770880000000.000000 7.386489 1.097054 1.646062 4.687976 1.162660 2.365928 2.559042 1.906409 
4700820096000000.000000 2.141181 0.775376 3.131643 4.602184 1.804433 1.457375 1.226190 1.776171 
4705869312000000.000000 4.556018 4.250416 2.242415 3.769627 1.955494 0.857867 1.733528 1.453022 
4710918528000000.000000 7.727921 2.581385 2.212594 2.549283 1.466197 2.165230 2.370860 0.951263 
4715967744000000.000000 10.087623 1.043817 1.822308 4.242946 1.381368 2.535937 0.483734 1.025582 
4721016960000000.000000 12.529823 1.965430 1.721965 6.113244 1.776483 1.485617 2.355225 0.962639 
4726066176000000.000000 9.853522 0.381085 1.240756 5.936497 1.930317 0.894745 2.002942 1.432662 
4731115392000000.000000 4.440859 1.102207 2.493576 4.661313 1.511522 2.155781 0.886590 1.813734 
4736164608000000.000000 3.298937 3.992559 2.627033 2.395561 1.176631 2.336317 2.603794 1.894323 
4741213824000000.000000 5.511325 3.036665 2.202647 2.754119 1.750244 1.333934 1.532641 2.270042 
4746263040000000.000000 8.566845 0.478970 1.539175 4.788276 1.859612 0.873572 1.565852 2.308913 
4751312256000000.000000 12.437423 1.438266 1.994878 6.751605 1.308262 2.120180 2.596756 2.034509 
4756361472000000.000000 11.231540 2.135042 1.850230 6.729125 1.324901 2.393219 0.792488 2.024750 
4761410688000000.000000 5.369876 0.356109 0.898166 5.039441 1.800767 1.300002 2.120902 1.652871 
4766459904000000.000000 5.390530 2.838764 2.167195 3.245202 1.892996 1.055752 2.250822 1.200036 
4771509120000000.000000 7.707718 4.080652 2.476356 4.457920 1.500924 2.335739 0.566824 1.106216 
4776558336000000.000000 8.172682 0.310853 2.429901 4.628830 1.326270 2.394436 2.381931 0.818323 
4781607552000000.000000 12.561382 0.686164 2.460887 4.354639 1.890500 1.278348 1.635622 1.223094 
4786656768000000.000000 11.856647 2.747650 0.876842 3.699545 1.937884 1.051412 1.351134 1.520526 
4791705984000000.000000 7.210749 0.845243 0.506399 3.000877 1.319662 2.200377 2.603362 1.715893 
4796755200000000.000000 0.474950 2.246623 2.518577 3.080729 1.331098 2.320015 0.957212 2.195306 
4801804416000000.000000 7.059474 3.566950 2.377193 4.987798 1.763630 1.168652 2.031297 2.211130 
4806853632000000.000000 10.002128 1.281774 2.264106 5.524645 1.744139 1.056072 2.548196 2.135436 
4811902848000000.000000 9.028396 0.100937 2.260147 4.800267 1.353331 2.312195 0.589466 2.225553 
4816952064000000.000000 11.550591 3.185414 2.229978 3.806444 1.300638 2.245005 2.335038 1.824271 
4822001280000000.000000 8.566748 2.544709 1.572367 2.744077 1.889471 1.087254 1.980370 1.474600 
4827050496000000.000000 3.818768 1.474549 0.807946 4.273103 1.933611 1.246167 0.966282 1.298932 
4832099712000000.000000 8.831277 2.260146 2.729944 6.720881 1.337966 2.350895 2.474148 0.827894 
4837148928000000.000000 10.213464 2.412793 2.337567 7.370566 1.466278 2.341284 1.203979 1.060887 
4842198144000000.000000 8.075591 0.249969 1.453483 5.379015 1.920574 1.149121 1.694415 1.235040 
4847247360000000.000000 8.204892 2.704806 2.274652 2.968637 1.791647 1.201604 2.524331 1.530357 
4852296576000000.000000 5.556775 4.210468 2.321308 3.579471 1.347892 2.363592 0.621843 2.034153 
4857345792000000.000000 2.499118 0.261161 2.192799 3.899491 1.302971 2.191497 2.331248 2.051376 
4862395008000000.000000 8.046370 0.679791 1.891170 4.340003 1.805602 0.918641 2.235143 2.202165 
4867444224000000.000000 11.617702 3.002970 1.641370 5.078189 1.797801 1.280880 0.780452 2.324676 
4872493440000000.000000 10.949942 1.292566 1.652990 3.915277 1.204778 2.304427 2.547524 1.944916 
4877542656000000.000000 9.191913 1.589952 2.392298 2.930382 1.452036 2.169846 1.664833 1.755684 
4882591872000000.000000 7.519006 4.187474 1.897318 3.999989 1.951269 0.973996 1.311021 1.537101 
4887641088000000.000000 3.391762 0.928139 2.953434 4.720869 1.786250 1.385282 2.545691 0.976880 
4892690304000000.000000 4.641183 1.144992 1.806744 4.662076 1.383592 2.514960 0.838669 1.013192 
4897739520000000.000000 9.304284 2.707741 2.829218 4.781794 1.469794 2.228539 2.005654 0.988353 
4902788736000000.000000 9.374891 3.509425 1.566951 3.189781 1.909749 0.892508 2.266430 1.351641 
4907837952000000.000000 6.257592 0.427023 1.188051 4.212467 1.838090 1.437582 0.616667 1.807691 
4912887168000000.000000 6.886747 2.058353 2.270408 6.102388 1.200773 2.345991 2.446280 1.878086 
4917936384000000.000000 8.305844 2.929470 2.666146 7.228428 1.420249 2.046418 1.857500 2.211285 
4922985600000000.000000 6.956777 1.288445 1.684418 5.273403 1.884491 0.819211 1.228425 2.333295 
4928034816000000.000000 9.313929 1.063934 1.446407 3.120208 1.631358 1.433528 2.704177 2.039859 
4933084032000000.000000 10.096337 3.951128 1.759891 2.081671 1.254824 2.443440 1.203172 2.016773 
4938133248000000.000000 6.533060 1.073633 2.463897 3.770914 1.500749 2.083581 1.775576 1.728383 
4943182464000000.000000 1.406964 1.111129 0.778923 5.140326 1.922056 0.771354 2.498336 1.203242 
4948231680000000.000000 9.143143 2.420618 2.012240 6.526547 1.833212 1.652925 0.629998 1.122609 
4953280896000000.000000 11.207469 2.410921 2.627744 5.281331 1.282650 2.482895 2.146456 0.854799 
4958330112000000.000000 7.988516 1.299488 0.995310 3.465511 1.556532 2.076993 1.965516 1.137204 
4963379328000000.000000 8.873564 3.226480 1.306500 3.363009 1.998559 0.833299 0.957120 1.533706 
4968428544000000.000000 9.466147 2.697167 2.906540 4.858640 1.663261 1.526638 2.573933 1.690874 
4973477760000000.000000 5.827277 1.569015 2.296946 4.638787 1.215616 2.442154 1.383887 2.145892 
4978526976000000.000000 5.763267 0.536924 2.489648 4.452483 1.487178 1.969651 1.623802 2.249520 
4983576192000000.000000 9.005789 3.893401 1.316425 3.414608 1.814441 0.609265 2.670280 2.130006 
4988625408000000.000000 9.178773 1.706047 2.741801 3.603276 1.667317 1.698164 0.888054 2.236322 
4993674624000000.000000 3.577982 0.234194 0.796078 5.201179 1.191785 2.433736 2.083078 1.902238 
4998723840000000.000000 5.958631 3.082762 1.616418 6.051188 1.583356 1.876994 2.266727 1.465211 
5003773056000000.000000 9.103467 1.935540 3.463821 5.100435 2.034550 0.780605 0.611483 1.338994 
5008822272000000.000000 8.621283 1.994957 1.440715 2.981728 1.683114 1.741245 2.416281 0.874856 
5013871488000000.000000 10.541792 3.140305 1.079885 1.971336 1.289405 2.550138 1.679030 0.980611 
5018920704000000.000000 10.563466 2.811201 2.590076 2.381329 1.654808 1.982605 1.207773 1.248400 
5023969920000000.000000 4.978581 1.004635 1.077416 5.205799 1.907164 0.656771 2.570774 1.461879 
5029019136000000.000000 3.046337 1.199944 1.278906 6.716992 1.658987 1.790074 1.076912 1.992837 
5034068352000000.000000 8.527237 2.592483 2.784255 6.385190 1.165117 2.430240 1.958179 2.088509 
5039117568000000.000000 9.995230 2.376691 1.843475 3.770183 1.526695 1.726215 2.410015 2.170131 
5044166784000000.000000 9.397837 2.060001 0.492483 3.480324 1.933879 0.667988 0.659843 2.349759 
5049216000000000.000000 7.615292 3.430100 2.367647 4.558974 1.524010 1.786393 2.389305 2.027456 
