0.000000 0.095499 
5049216000000.000000 0.178223 
10098432000000.000000 0.178784 
15147648000000.000000 0.113550 
20196864000000.000000 0.158324 
25246080000000.000000 0.175730 
30295296000000.000000 0.145373 
35344512000000.000000 0.141266 
40393728000000.000000 0.168853 
45442944000000.000000 0.164581 
50492160000000.000000 0.127420 
55541376000000.000000 0.168929 
60590592000000.000000 0.178369 
65639808000000.000000 0.104099 
70689024000000.000000 0.167617 
75738240000000.000000 0.199392 
80787456000000.000000 0.096812 
85836672000000.000000 0.154763 
90885888000000.000000 0.209599 
95935104000000.000000 0.101563 
100984320000000.000000 0.140950 
106033536000000.000000 0.209425 
111082752000000.000000 0.117499 
116131968000000.000000 0.116337 
121181184000000.000000 0.199775 
126230400000000.000000 0.145241 
131279616000000.000000 0.097313 
136328832000000.000000 0.182933 
141378048000000.000000 0.172237 
146427264000000.000000 0.113242 
151476480000000.000000 0.165821 
156525696000000.000000 0.176197 
161574912000000.000000 0.135668 
166624128000000.000000 0.155040 
171673344000000.000000 0.179018 
176722560000000.000000 0.159184 
181771776000000.000000 0.138161 
186820992000000.000000 0.192125 
191870208000000.000000 0.164018 
196919424000000.000000 0.120585 
201968640000000.000000 0.204583 
207017856000000.000000 0.170561 
212067072000000.000000 0.100428 
217116288000000.000000 0.214282 
222165504000000.000000 0.176166 
227214720000000.000000 0.092177 
232263936000000.000000 0.212175 
237313152000000.000000 0.178598 
242362368000000.000000 0.089668 
247411584000000.000000 0.206070 
252460800000000.000000 0.176209 
257510016000000.000000 0.092834 
262559232000000.000000 0.191810 
267608448000000.000000 0.174095 
272657664000000.000000 0.107708 
277706880000000.000000 0.169668 
282756096000000.000000 0.167168 
287805312000000.000000 0.125119 
292854528000000.000000 0.149788 
297903744000000.000000 0.164493 
302952960000000.000000 0.143840 
308002176000000.000000 0.119262 
313051392000000.000000 0.161839 
318100608000000.000000 0.169432 
323149824000000.000000 0.106571 
328199040000000.000000 0.150203 
333248256000000.000000 0.192350 
338297472000000.000000 0.106637 
343346688000000.000000 0.147662 
348395904000000.000000 0.211568 
353445120000000.000000 0.112351 
358494336000000.000000 0.147775 
363543552000000.000000 0.221446 
368592768000000.000000 0.105856 
373641984000000.000000 0.163317 
378691200000000.000000 0.209766 
383740416000000.000000 0.095109 
388789632000000.000000 0.183147 
393838848000000.000000 0.191056 
398888064000000.000000 0.104383 
403937280000000.000000 0.191769 
408986496000000.000000 0.165259 
414035712000000.000000 0.131149 
419084928000000.000000 0.181476 
424134144000000.000000 0.155475 
429183360000000.000000 0.141287 
434232576000000.000000 0.172126 
439281792000000.000000 0.156567 
444331008000000.000000 0.125016 
449380224000000.000000 0.185980 
454429440000000.000000 0.151124 
459478656000000.000000 0.117238 
464527872000000.000000 0.206189 
469577088000000.000000 0.125977 
474626304000000.000000 0.139594 
479675520000000.000000 0.210331 
484724736000000.000000 0.091488 
489773952000000.000000 0.168784 
494823168000000.000000 0.200698 
499872384000000.000000 0.067776 
504921600000000.000000 0.190628 
509970816000000.000000 0.174390 
515020032000000.000000 0.083083 
520069248000000.000000 0.190143 
525118464000000.000000 0.143920 
530167680000000.000000 0.109395 
535216896000000.000000 0.183469 
540266112000000.000000 0.125954 
545315328000000.000000 0.134033 
550364544000000.000000 0.168754 
555413760000000.000000 0.134080 
560462976000000.000000 0.135925 
565512192000000.000000 0.169272 
570561408000000.000000 0.135276 
575610624000000.000000 0.148010 
580659840000000.000000 0.184174 
585709056000000.000000 0.108957 
590758272000000.000000 0.192411 
595807488000000.000000 0.164200 
600856704000000.000000 0.122382 
605905920000000.000000 0.217453 
610955136000000.000000 0.093810 
616004352000000.000000 0.189370 
621053568000000.000000 0.182974 
626102784000000.000000 0.096970 
631152000000000.000000 0.220081 
636201216000000.000000 0.111487 
641250432000000.000000 0.163221 
646299648000000.000000 0.193870 
651348864000000.000000 0.083171 
656398080000000.000000 0.188509 
661447296000000.000000 0.138881 
666496512000000.000000 0.119996 
671545728000000.000000 0.175566 
676594944000000.000000 0.114597 
681644160000000.000000 0.138558 
686693376000000.000000 0.156515 
691742592000000.000000 0.119784 
696791808000000.000000 0.136648 
701841024000000.000000 0.166993 
706890240000000.000000 0.110870 
711939456000000.000000 0.164206 
716988672000000.000000 0.155597 
722037888000000.000000 0.114148 
727087104000000.000000 0.202461 
732136320000000.000000 0.095615 
737185536000000.000000 0.195183 
742234752000000.000000 0.163671 
747283968000000.000000 0.133638 
752333184000000.000000 0.214808 
757382400000000.000000 0.073679 
762431616000000.000000 0.217987 
767480832000000.000000 0.121242 
772530048000000.000000 0.167909 
777579264000000.000000 0.187829 
782628480000000.000000 0.096146 
787677696000000.000000 0.200606 
792726912000000.000000 0.102954 
797776128000000.000000 0.155451 
802825344000000.000000 0.156184 
807874560000000.000000 0.109268 
812923776000000.000000 0.161961 
817972992000000.000000 0.127738 
823022208000000.000000 0.125892 
828071424000000.000000 0.159538 
833120640000000.000000 0.116462 
838169856000000.000000 0.142441 
843219072000000.000000 0.164404 
848268288000000.000000 0.094849 
853317504000000.000000 0.191903 
858366720000000.000000 0.106411 
863415936000000.000000 0.174610 
868465152000000.000000 0.165102 
873514368000000.000000 0.121319 
878563584000000.000000 0.211693 
883612800000000.000000 0.070128 
888662016000000.000000 0.223248 
893711232000000.000000 0.098285 
898760448000000.000000 0.195917 
903809664000000.000000 0.152135 
908858880000000.000000 0.147437 
913908096000000.000000 0.186831 
918957312000000.000000 0.100245 
924006528000000.000000 0.194264 
929055744000000.000000 0.100527 
934104960000000.000000 0.165399 
939154176000000.000000 0.142461 
944203392000000.000000 0.120054 
949252608000000.000000 0.160201 
954301824000000.000000 0.107674 
959351040000000.000000 0.157855 
964400256000000.000000 0.121585 
969449472000000.000000 0.135936 
974498688000000.000000 0.152941 
979547904000000.000000 0.100387 
984597120000000.000000 0.184653 
989646336000000.000000 0.068719 
994695552000000.000000 0.196871 
999744768000000.000000 0.070367 
1004793984000000.000000 0.193056 
1009843200000000.000000 0.106711 
1014892416000000.000000 0.172199 
1019941632000000.000000 0.158988 
1024990848000000.000000 0.130182 
1030040064000000.000000 0.192528 
1035089280000000.000000 0.071382 
1040138496000000.000000 0.197627 
1045187712000000.000000 0.089747 
1050236928000000.000000 0.157429 
1055286144000000.000000 0.148416 
1060335360000000.000000 0.101434 
1065384576000000.000000 0.166201 
1070433792000000.000000 0.098233 
1075483008000000.000000 0.138549 
1080532224000000.000000 0.141095 
1085581440000000.000000 0.105318 
1090630656000000.000000 0.151289 
1095679872000000.000000 0.124027 
1100729088000000.000000 0.127305 
1105778304000000.000000 0.161928 
1110827520000000.000000 0.088270 
1115876736000000.000000 0.190647 
1120925952000000.000000 0.087513 
1125975168000000.000000 0.184286 
1131024384000000.000000 0.135124 
1136073600000000.000000 0.152402 
1141122816000000.000000 0.177851 
1146172032000000.000000 0.109169 
1151221248000000.000000 0.205406 
1156270464000000.000000 0.069176 
1161319680000000.000000 0.216799 
1166368896000000.000000 0.069485 
1171418112000000.000000 0.212350 
1176467328000000.000000 0.096819 
1181516544000000.000000 0.192853 
1186565760000000.000000 0.121933 
1191614976000000.000000 0.171874 
1196664192000000.000000 0.140558 
1201713408000000.000000 0.147918 
1206762624000000.000000 0.154250 
1211811840000000.000000 0.122273 
1216861056000000.000000 0.165180 
1221910272000000.000000 0.107022 
1226959488000000.000000 0.171879 
1232008704000000.000000 0.110182 
1237057920000000.000000 0.169860 
1242107136000000.000000 0.123720 
1247156352000000.000000 0.171019 
1252205568000000.000000 0.139736 
1257254784000000.000000 0.174655 
1262304000000000.000000 0.145875 
1267353216000000.000000 0.182055 
1272402432000000.000000 0.147050 
1277451648000000.000000 0.179334 
1282500864000000.000000 0.149816 
1287550080000000.000000 0.170544 
1292599296000000.000000 0.154301 
1297648512000000.000000 0.161802 
1302697728000000.000000 0.154477 
1307746944000000.000000 0.161324 
1312796160000000.000000 0.153950 
1317845376000000.000000 0.158286 
1322894592000000.000000 0.151849 
1327943808000000.000000 0.153031 
1332993024000000.000000 0.144910 
1338042240000000.000000 0.140922 
1343091456000000.000000 0.149992 
1348140672000000.000000 0.129234 
1353189888000000.000000 0.163012 
1358239104000000.000000 0.117918 
1363288320000000.000000 0.179006 
1368337536000000.000000 0.110602 
1373386752000000.000000 0.186403 
1378435968000000.000000 0.119363 
1383485184000000.000000 0.179194 
1388534400000000.000000 0.136489 
1393583616000000.000000 0.170475 
1398632832000000.000000 0.162420 
1403682048000000.000000 0.156893 
1408731264000000.000000 0.190431 
1413780480000000.000000 0.123889 
1418829696000000.000000 0.211164 
1423878912000000.000000 0.087173 
1428928128000000.000000 0.217046 
1433977344000000.000000 0.069006 
1439026560000000.000000 0.213596 
1444075776000000.000000 0.076958 
1449124992000000.000000 0.204151 
1454174208000000.000000 0.105622 
1459223424000000.000000 0.179388 
1464272640000000.000000 0.121606 
1469321856000000.000000 0.160857 
1474371072000000.000000 0.125297 
1479420288000000.000000 0.160296 
1484469504000000.000000 0.135220 
1489518720000000.000000 0.158109 
1494567936000000.000000 0.143711 
1499617152000000.000000 0.147114 
1504666368000000.000000 0.164325 
1509715584000000.000000 0.125717 
1514764800000000.000000 0.196379 
1519814016000000.000000 0.087703 
1524863232000000.000000 0.220507 
1529912448000000.000000 0.063786 
1534961664000000.000000 0.215613 
1540010880000000.000000 0.101463 
1545060096000000.000000 0.194865 
1550109312000000.000000 0.158061 
1555158528000000.000000 0.145139 
1560207744000000.000000 0.203501 
1565256960000000.000000 0.085430 
1570306176000000.000000 0.212924 
1575355392000000.000000 0.075013 
1580404608000000.000000 0.197624 
1585453824000000.000000 0.113523 
1590503040000000.000000 0.166736 
1595552256000000.000000 0.149141 
1600601472000000.000000 0.135978 
1605650688000000.000000 0.157513 
1610699904000000.000000 0.122612 
1615749120000000.000000 0.164621 
1620798336000000.000000 0.108453 
1625847552000000.000000 0.186563 
1630896768000000.000000 0.090711 
1635945984000000.000000 0.193237 
1640995200000000.000000 0.108584 
1646044416000000.000000 0.173457 
1651093632000000.000000 0.165606 
1656142848000000.000000 0.123465 
1661192064000000.000000 0.219356 
1666241280000000.000000 0.054584 
1671290496000000.000000 0.220364 
1676339712000000.000000 0.114722 
1681388928000000.000000 0.174250 
1686438144000000.000000 0.194940 
1691487360000000.000000 0.083065 
1696536576000000.000000 0.224283 
1701585792000000.000000 0.080912 
1706635008000000.000000 0.184080 
1711684224000000.000000 0.145852 
1716733440000000.000000 0.127730 
1721782656000000.000000 0.184731 
1726831872000000.000000 0.094108 
1731881088000000.000000 0.181981 
1736930304000000.000000 0.105636 
1741979520000000.000000 0.168041 
1747028736000000.000000 0.129338 
1752077952000000.000000 0.149355 
1757127168000000.000000 0.176514 
1762176384000000.000000 0.092477 
1767225600000000.000000 0.200684 
1772274816000000.000000 0.090798 
1777324032000000.000000 0.187665 
1782373248000000.000000 0.208106 
1787422464000000.000000 0.064168 
1792471680000000.000000 0.239640 
1797520896000000.000000 0.176254 
1802570112000000.000000 0.108466 
1807619328000000.000000 0.241166 
1812668544000000.000000 0.096178 
1817717760000000.000000 0.182990 
1822766976000000.000000 0.201338 
1827816192000000.000000 0.075698 
1832865408000000.000000 0.224251 
1837914624000000.000000 0.119123 
1842963840000000.000000 0.156398 
1848013056000000.000000 0.185462 
1853062272000000.000000 0.090319 
1858111488000000.000000 0.193808 
1863160704000000.000000 0.125705 
1868209920000000.000000 0.143247 
1873259136000000.000000 0.165497 
1878308352000000.000000 0.104860 
1883357568000000.000000 0.195015 
1888406784000000.000000 0.102518 
1893456000000000.000000 0.165144 
1898505216000000.000000 0.176957 
1903554432000000.000000 0.082192 
1908603648000000.000000 0.219864 
1913652864000000.000000 0.133405 
1918702080000000.000000 0.136193 
1923751296000000.000000 0.230393 
1928800512000000.000000 0.064721 
1933849728000000.000000 0.198974 
1938898944000000.000000 0.206684 
1943948160000000.000000 0.056409 
1948997376000000.000000 0.232175 
1954046592000000.000000 0.165394 
1959095808000000.000000 0.102366 
1964145024000000.000000 0.224305 
1969194240000000.000000 0.108103 
1974243456000000.000000 0.150745 
1979292672000000.000000 0.206932 
1984341888000000.000000 0.083484 
1989391104000000.000000 0.178540 
1994440320000000.000000 0.168227 
1999489536000000.000000 0.101686 
2004538752000000.000000 0.184487 
2009587968000000.000000 0.119149 
2014637184000000.000000 0.139690 
2019686400000000.000000 0.194825 
2024735616000000.000000 0.078288 
2029784832000000.000000 0.181971 
2034834048000000.000000 0.207843 
2039883264000000.000000 0.056192 
2044932480000000.000000 0.201184 
2049981696000000.000000 0.216299 
2055030912000000.000000 0.045830 
2060080128000000.000000 0.209176 
2065129344000000.000000 0.213404 
2070178560000000.000000 0.035309 
2075227776000000.000000 0.205092 
2080276992000000.000000 0.203996 
2085326208000000.000000 0.042882 
2090375424000000.000000 0.205354 
2095424640000000.000000 0.201774 
2100473856000000.000000 0.060315 
2105523072000000.000000 0.192302 
2110572288000000.000000 0.213178 
2115621504000000.000000 0.096127 
2120670720000000.000000 0.203036 
2125719936000000.000000 0.194125 
2130769152000000.000000 0.105607 
2135818368000000.000000 0.200365 
2140867584000000.000000 0.189398 
2145916800000000.000000 0.096112 
2150966016000000.000000 0.200938 
2156015232000000.000000 0.190737 
2161064448000000.000000 0.072987 
2166113664000000.000000 0.212359 
2171162880000000.000000 0.199669 
2176212096000000.000000 0.043381 
2181261312000000.000000 0.203580 
2186310528000000.000000 0.210750 
2191359744000000.000000 0.036497 
2196408960000000.000000 0.200888 
2201458176000000.000000 0.204105 
2206507392000000.000000 0.034368 
2211556608000000.000000 0.211319 
2216605824000000.000000 0.217241 
2221655040000000.000000 0.048553 
2226704256000000.000000 0.194260 
2231753472000000.000000 0.217803 
2236802688000000.000000 0.081316 
2241851904000000.000000 0.177893 
2246901120000000.000000 0.223221 
2251950336000000.000000 0.113136 
2256999552000000.000000 0.166798 
2262048768000000.000000 0.229331 
2267097984000000.000000 0.137940 
2272147200000000.000000 0.172846 
2277196416000000.000000 0.227427 
2282245632000000.000000 0.116890 
2287294848000000.000000 0.199774 
2292344064000000.000000 0.248320 
2297393280000000.000000 0.117560 
2302442496000000.000000 0.191352 
2307491712000000.000000 0.252865 
2312540928000000.000000 0.145288 
2317590144000000.000000 0.058529 
2322639360000000.000000 0.222795 
2327688576000000.000000 0.261720 
2332737792000000.000000 0.123756 
2337787008000000.000000 0.088341 
2342836224000000.000000 0.239525 
2347885440000000.000000 0.243275 
2352934656000000.000000 0.155781 
2357983872000000.000000 0.245991 
2363033088000000.000000 0.142162 
2368082304000000.000000 0.243301 
2373131520000000.000000 0.142357 
2378180736000000.000000 0.239985 
2383229952000000.000000 0.149564 
2388279168000000.000000 0.230095 
2393328384000000.000000 0.168020 
2398377600000000.000000 0.200294 
2403426816000000.000000 0.206113 
2408476032000000.000000 0.160435 
2413525248000000.000000 0.244901 
2418574464000000.000000 0.130278 
2423623680000000.000000 0.239902 
2428672896000000.000000 0.212159 
2433722112000000.000000 0.163958 
2438771328000000.000000 0.280743 
2443820544000000.000000 0.130606 
2448869760000000.000000 0.236741 
2453918976000000.000000 0.250106 
2458968192000000.000000 0.151591 
2464017408000000.000000 0.293555 
2469066624000000.000000 0.116489 
2474115840000000.000000 0.286038 
2479165056000000.000000 0.164248 
2484214272000000.000000 0.249151 
2489263488000000.000000 0.195614 
2494312704000000.000000 0.291583 
2499361920000000.000000 0.183851 
2504411136000000.000000 0.278693 
2509460352000000.000000 0.245832 
2514509568000000.000000 0.221770 
2519558784000000.000000 0.265751 
2524608000000000.000000 0.207519 
2529657216000000.000000 0.260721 
2534706432000000.000000 0.199234 
2539755648000000.000000 0.261543 
2544804864000000.000000 0.190224 
2549854080000000.000000 0.278536 
2554903296000000.000000 0.176839 
2559952512000000.000000 0.287475 
2565001728000000.000000 0.166791 
2570050944000000.000000 0.308671 
2575100160000000.000000 0.156445 
2580149376000000.000000 0.317051 
2585198592000000.000000 0.156216 
2590247808000000.000000 0.319130 
2595297024000000.000000 0.175956 
2600346240000000.000000 0.317599 
2605395456000000.000000 0.179229 
2610444672000000.000000 0.303986 
2615493888000000.000000 0.194725 
2620543104000000.000000 0.278393 
2625592320000000.000000 0.235481 
2630641536000000.000000 0.241639 
2635690752000000.000000 0.259281 
2640739968000000.000000 0.207223 
2645789184000000.000000 0.271555 
2650838400000000.000000 0.229734 
2655887616000000.000000 0.249411 
2660936832000000.000000 0.254422 
2665986048000000.000000 0.227747 
2671035264000000.000000 0.277703 
2676084480000000.000000 0.199441 
2681133696000000.000000 0.284345 
2686182912000000.000000 0.185294 
2691232128000000.000000 0.295307 
2696281344000000.000000 0.195487 
2701330560000000.000000 0.292716 
2706379776000000.000000 0.215982 
2711428992000000.000000 0.240306 
2716478208000000.000000 0.258828 
2721527424000000.000000 0.343393 
2726576640000000.000000 0.322203 
2731625856000000.000000 0.231035 
2736675072000000.000000 0.240561 
2741724288000000.000000 0.304619 
2746773504000000.000000 0.342233 
2751822720000000.000000 0.298831 
2756871936000000.000000 0.240514 
2761921152000000.000000 0.244739 
2766970368000000.000000 0.278760 
2772019584000000.000000 0.306965 
2777068800000000.000000 0.303209 
2782118016000000.000000 0.297639 
2787167232000000.000000 0.307185 
2792216448000000.000000 0.304409 
2797265664000000.000000 0.318452 
2802314880000000.000000 0.302098 
2807364096000000.000000 0.297509 
2812413312000000.000000 0.336041 
2817462528000000.000000 0.281348 
2822511744000000.000000 0.356896 
2827560960000000.000000 0.267519 
2832610176000000.000000 0.353462 
2837659392000000.000000 0.291887 
2842708608000000.000000 0.341056 
2847757824000000.000000 0.329416 
2852807040000000.000000 0.263780 
2857856256000000.000000 0.368478 
2862905472000000.000000 0.282621 
2867954688000000.000000 0.272642 
2873003904000000.000000 0.352842 
2878053120000000.000000 0.318417 
2883102336000000.000000 0.352173 
2888151552000000.000000 0.310442 
2893200768000000.000000 0.294234 
2898249984000000.000000 0.465687 
2903299200000000.000000 0.446580 
2908348416000000.000000 0.282343 
2913397632000000.000000 0.356421 
2918446848000000.000000 0.239139 
2923496064000000.000000 0.205995 
2928545280000000.000000 0.066633 
2933594496000000.000000 0.175084 
2938643712000000.000000 0.283561 
2943692928000000.000000 0.086965 
2948742144000000.000000 0.106433 
2953791360000000.000000 0.189287 
2958840576000000.000000 0.173602 
2963889792000000.000000 0.362627 
2968939008000000.000000 0.472520 
2973988224000000.000000 0.195658 
2979037440000000.000000 0.370391 
2984086656000000.000000 0.413315 
2989135872000000.000000 0.310222 
2994185088000000.000000 0.229283 
2999234304000000.000000 0.192717 
3004283520000000.000000 0.188565 
3009332736000000.000000 0.290546 
3014381952000000.000000 0.238726 
3019431168000000.000000 0.380695 
3024480384000000.000000 0.418888 
3029529600000000.000000 0.230287 
3034578816000000.000000 0.243758 
3039628032000000.000000 0.277392 
3044677248000000.000000 0.483181 
3049726464000000.000000 0.636600 
3054775680000000.000000 0.246162 
3059824896000000.000000 0.257692 
3064874112000000.000000 0.570881 
3069923328000000.000000 1.264093 
3074972544000000.000000 nan 
3080021760000000.000000 nan 
3085070976000000.000000 nan 
3090120192000000.000000 nan 
3095169408000000.000000 nan 
3100218624000000.000000 nan 
3105267840000000.000000 nan 
3110317056000000.000000 nan 
3115366272000000.000000 nan 
3120415488000000.000000 nan 
3125464704000000.000000 nan 
3130513920000000.000000 nan 
3135563136000000.000000 nan 
3140612352000000.000000 nan 
3145661568000000.000000 nan 
3150710784000000.000000 nan 
3155760000000000.000000 nan 
3160809216000000.000000 nan 
3165858432000000.000000 nan 
3170907648000000.000000 nan 
3175956864000000.000000 nan 
3181006080000000.000000 nan 
3186055296000000.000000 nan 
3191104512000000.000000 nan 
3196153728000000.000000 nan 
3201202944000000.000000 nan 
3206252160000000.000000 nan 
3211301376000000.000000 nan 
3216350592000000.000000 nan 
3221399808000000.000000 nan 
3226449024000000.000000 nan 
3231498240000000.000000 nan 
3236547456000000.000000 nan 
3241596672000000.000000 nan 
3246645888000000.000000 nan 
3251695104000000.000000 nan 
3256744320000000.000000 nan 
3261793536000000.000000 nan 
3266842752000000.000000 nan 
3271891968000000.000000 nan 
3276941184000000.000000 nan 
3281990400000000.000000 nan 
3287039616000000.000000 nan 
3292088832000000.000000 nan 
3297138048000000.000000 nan 
3302187264000000.000000 nan 
3307236480000000.000000 nan 
3312285696000000.000000 nan 
3317334912000000.000000 nan 
3322384128000000.000000 nan 
3327433344000000.000000 nan 
3332482560000000.000000 nan 
3337531776000000.000000 nan 
3342580992000000.000000 nan 
3347630208000000.000000 nan 
3352679424000000.000000 nan 
3357728640000000.000000 nan 
3362777856000000.000000 nan 
3367827072000000.000000 nan 
3372876288000000.000000 nan 
3377925504000000.000000 nan 
3382974720000000.000000 nan 
3388023936000000.000000 nan 
3393073152000000.000000 nan 
3398122368000000.000000 nan 
3403171584000000.000000 nan 
3408220800000000.000000 nan 
3413270016000000.000000 nan 
3418319232000000.000000 nan 
3423368448000000.000000 nan 
3428417664000000.000000 nan 
3433466880000000.000000 nan 
3438516096000000.000000 nan 
3443565312000000.000000 nan 
3448614528000000.000000 nan 
3453663744000000.000000 nan 
3458712960000000.000000 nan 
3463762176000000.000000 nan 
3468811392000000.000000 nan 
3473860608000000.000000 nan 
3478909824000000.000000 nan 
3483959040000000.000000 nan 
3489008256000000.000000 nan 
3494057472000000.000000 nan 
3499106688000000.000000 nan 
3504155904000000.000000 nan 
3509205120000000.000000 nan 
3514254336000000.000000 nan 
3519303552000000.000000 nan 
3524352768000000.000000 nan 
3529401984000000.000000 nan 
3534451200000000.000000 nan 
3539500416000000.000000 nan 
3544549632000000.000000 nan 
3549598848000000.000000 nan 
3554648064000000.000000 nan 
3559697280000000.000000 nan 
3564746496000000.000000 nan 
3569795712000000.000000 nan 
3574844928000000.000000 nan 
3579894144000000.000000 nan 
3584943360000000.000000 nan 
3589992576000000.000000 nan 
3595041792000000.000000 nan 
3600091008000000.000000 nan 
3605140224000000.000000 nan 
3610189440000000.000000 nan 
3615238656000000.000000 nan 
3620287872000000.000000 nan 
3625337088000000.000000 nan 
3630386304000000.000000 nan 
3635435520000000.000000 nan 
3640484736000000.000000 nan 
3645533952000000.000000 nan 
3650583168000000.000000 nan 
3655632384000000.000000 nan 
3660681600000000.000000 nan 
3665730816000000.000000 nan 
3670780032000000.000000 nan 
3675829248000000.000000 nan 
3680878464000000.000000 nan 
3685927680000000.000000 nan 
3690976896000000.000000 nan 
3696026112000000.000000 nan 
3701075328000000.000000 nan 
3706124544000000.000000 nan 
3711173760000000.000000 nan 
3716222976000000.000000 nan 
3721272192000000.000000 nan 
3726321408000000.000000 nan 
3731370624000000.000000 nan 
3736419840000000.000000 nan 
3741469056000000.000000 nan 
3746518272000000.000000 nan 
3751567488000000.000000 nan 
3756616704000000.000000 nan 
3761665920000000.000000 nan 
3766715136000000.000000 nan 
3771764352000000.000000 nan 
3776813568000000.000000 nan 
3781862784000000.000000 nan 
3786912000000000.000000 nan 
3791961216000000.000000 nan 
3797010432000000.000000 nan 
3802059648000000.000000 nan 
3807108864000000.000000 nan 
3812158080000000.000000 nan 
3817207296000000.000000 nan 
3822256512000000.000000 nan 
3827305728000000.000000 nan 
3832354944000000.000000 nan 
3837404160000000.000000 nan 
3842453376000000.000000 nan 
3847502592000000.000000 nan 
3852551808000000.000000 nan 
3857601024000000.000000 nan 
3862650240000000.000000 nan 
3867699456000000.000000 nan 
3872748672000000.000000 nan 
3877797888000000.000000 nan 
3882847104000000.000000 nan 
3887896320000000.000000 nan 
3892945536000000.000000 nan 
3897994752000000.000000 nan 
3903043968000000.000000 nan 
3908093184000000.000000 nan 
3913142400000000.000000 nan 
3918191616000000.000000 nan 
3923240832000000.000000 nan 
3928290048000000.000000 nan 
3933339264000000.000000 nan 
3938388480000000.000000 nan 
3943437696000000.000000 nan 
3948486912000000.000000 nan 
3953536128000000.000000 nan 
3958585344000000.000000 nan 
3963634560000000.000000 nan 
3968683776000000.000000 nan 
3973732992000000.000000 nan 
3978782208000000.000000 nan 
3983831424000000.000000 nan 
3988880640000000.000000 nan 
3993929856000000.000000 nan 
3998979072000000.000000 nan 
4004028288000000.000000 nan 
4009077504000000.000000 nan 
4014126720000000.000000 nan 
4019175936000000.000000 nan 
4024225152000000.000000 nan 
4029274368000000.000000 nan 
4034323584000000.000000 nan 
4039372800000000.000000 nan 
4044422016000000.000000 nan 
4049471232000000.000000 nan 
4054520448000000.000000 nan 
4059569664000000.000000 nan 
4064618880000000.000000 nan 
4069668096000000.000000 nan 
4074717312000000.000000 nan 
4079766528000000.000000 nan 
4084815744000000.000000 nan 
4089864960000000.000000 nan 
4094914176000000.000000 nan 
4099963392000000.000000 nan 
4105012608000000.000000 nan 
4110061824000000.000000 nan 
4115111040000000.000000 nan 
4120160256000000.000000 nan 
4125209472000000.000000 nan 
4130258688000000.000000 nan 
4135307904000000.000000 nan 
4140357120000000.000000 nan 
4145406336000000.000000 nan 
4150455552000000.000000 nan 
4155504768000000.000000 nan 
4160553984000000.000000 nan 
4165603200000000.000000 nan 
4170652416000000.000000 nan 
4175701632000000.000000 nan 
4180750848000000.000000 nan 
4185800064000000.000000 nan 
4190849280000000.000000 nan 
4195898496000000.000000 nan 
4200947712000000.000000 nan 
4205996928000000.000000 nan 
4211046144000000.000000 nan 
4216095360000000.000000 nan 
4221144576000000.000000 nan 
4226193792000000.000000 nan 
4231243008000000.000000 nan 
4236292224000000.000000 nan 
4241341440000000.000000 nan 
4246390656000000.000000 nan 
4251439872000000.000000 nan 
4256489088000000.000000 nan 
4261538304000000.000000 nan 
4266587520000000.000000 nan 
4271636736000000.000000 nan 
4276685952000000.000000 nan 
4281735168000000.000000 nan 
4286784384000000.000000 nan 
4291833600000000.000000 nan 
4296882816000000.000000 nan 
4301932032000000.000000 nan 
4306981248000000.000000 nan 
4312030464000000.000000 nan 
4317079680000000.000000 nan 
4322128896000000.000000 nan 
4327178112000000.000000 nan 
4332227328000000.000000 nan 
4337276544000000.000000 nan 
4342325760000000.000000 nan 
4347374976000000.000000 nan 
4352424192000000.000000 nan 
4357473408000000.000000 nan 
4362522624000000.000000 nan 
4367571840000000.000000 nan 
4372621056000000.000000 nan 
4377670272000000.000000 nan 
4382719488000000.000000 nan 
4387768704000000.000000 nan 
4392817920000000.000000 nan 
4397867136000000.000000 nan 
4402916352000000.000000 nan 
4407965568000000.000000 nan 
4413014784000000.000000 nan 
4418064000000000.000000 nan 
4423113216000000.000000 nan 
4428162432000000.000000 nan 
4433211648000000.000000 nan 
4438260864000000.000000 nan 
4443310080000000.000000 nan 
4448359296000000.000000 nan 
4453408512000000.000000 nan 
4458457728000000.000000 nan 
4463506944000000.000000 nan 
4468556160000000.000000 nan 
4473605376000000.000000 nan 
4478654592000000.000000 nan 
4483703808000000.000000 nan 
4488753024000000.000000 nan 
4493802240000000.000000 nan 
4498851456000000.000000 nan 
4503900672000000.000000 nan 
4508949888000000.000000 nan 
4513999104000000.000000 nan 
4519048320000000.000000 nan 
4524097536000000.000000 nan 
4529146752000000.000000 nan 
4534195968000000.000000 nan 
4539245184000000.000000 nan 
4544294400000000.000000 nan 
4549343616000000.000000 nan 
4554392832000000.000000 nan 
4559442048000000.000000 nan 
4564491264000000.000000 nan 
4569540480000000.000000 nan 
4574589696000000.000000 nan 
4579638912000000.000000 nan 
4584688128000000.000000 nan 
4589737344000000.000000 nan 
4594786560000000.000000 nan 
4599835776000000.000000 nan 
4604884992000000.000000 nan 
4609934208000000.000000 nan 
4614983424000000.000000 nan 
4620032640000000.000000 nan 
4625081856000000.000000 nan 
4630131072000000.000000 nan 
4635180288000000.000000 nan 
4640229504000000.000000 nan 
4645278720000000.000000 nan 
4650327936000000.000000 nan 
4655377152000000.000000 nan 
4660426368000000.000000 nan 
4665475584000000.000000 nan 
4670524800000000.000000 nan 
4675574016000000.000000 nan 
4680623232000000.000000 nan 
4685672448000000.000000 nan 
4690721664000000.000000 nan 
4695770880000000.000000 nan 
4700820096000000.000000 nan 
4705869312000000.000000 nan 
4710918528000000.000000 nan 
4715967744000000.000000 nan 
4721016960000000.000000 nan 
4726066176000000.000000 nan 
4731115392000000.000000 nan 
4736164608000000.000000 nan 
4741213824000000.000000 nan 
4746263040000000.000000 nan 
4751312256000000.000000 nan 
4756361472000000.000000 nan 
4761410688000000.000000 nan 
4766459904000000.000000 nan 
4771509120000000.000000 nan 
4776558336000000.000000 nan 
4781607552000000.000000 nan 
4786656768000000.000000 nan 
4791705984000000.000000 nan 
4796755200000000.000000 nan 
4801804416000000.000000 nan 
4806853632000000.000000 nan 
4811902848000000.000000 nan 
4816952064000000.000000 nan 
4822001280000000.000000 nan 
4827050496000000.000000 nan 
4832099712000000.000000 nan 
4837148928000000.000000 nan 
4842198144000000.000000 nan 
4847247360000000.000000 nan 
4852296576000000.000000 nan 
4857345792000000.000000 nan 
4862395008000000.000000 nan 
4867444224000000.000000 nan 
4872493440000000.000000 nan 
4877542656000000.000000 nan 
4882591872000000.000000 nan 
4887641088000000.000000 nan 
4892690304000000.000000 nan 
4897739520000000.000000 nan 
4902788736000000.000000 nan 
4907837952000000.000000 nan 
4912887168000000.000000 nan 
4917936384000000.000000 nan 
4922985600000000.000000 nan 
4928034816000000.000000 nan 
4933084032000000.000000 nan 
4938133248000000.000000 nan 
4943182464000000.000000 nan 
4948231680000000.000000 nan 
4953280896000000.000000 nan 
4958330112000000.000000 nan 
4963379328000000.000000 nan 
4968428544000000.000000 nan 
4973477760000000.000000 nan 
4978526976000000.000000 nan 
4983576192000000.000000 nan 
4988625408000000.000000 nan 
4993674624000000.000000 nan 
4998723840000000.000000 nan 
5003773056000000.000000 nan 
5008822272000000.000000 nan 
5013871488000000.000000 nan 
5018920704000000.000000 nan 
5023969920000000.000000 nan 
5029019136000000.000000 nan 
5034068352000000.000000 nan 
5039117568000000.000000 nan 
5044166784000000.000000 nan 
5049216000000000.000000 nan 
