0.000000 0.387098 0.723327 1.000449 1.523679 5.204267 9.582017 19.229417 30.103640 
5049216000000.000000 0.387099 0.723324 1.000463 1.523692 5.201897 9.582406 19.127670 30.064691 
10098432000000.000000 0.387098 0.723333 1.000450 1.523736 5.202403 9.548148 19.161728 30.204159 
15147648000000.000000 0.387098 0.723324 1.000453 1.523738 5.202486 9.527383 19.240613 29.985031 
20196864000000.000000 0.387098 0.723334 1.000459 1.523800 5.202933 9.518760 19.275003 30.219103 
25246080000000.000000 0.387099 0.723327 1.000451 1.523683 5.202281 9.535984 19.280644 30.045046 
30295296000000.000000 0.387098 0.723335 1.000447 1.523660 5.202032 9.559058 19.237719 30.116106 
35344512000000.000000 0.387098 0.723334 1.000450 1.523660 5.202531 9.572487 19.137165 30.149676 
40393728000000.000000 0.387098 0.723335 1.000443 1.523624 5.203395 9.583780 19.142200 30.018338 
45442944000000.000000 0.387098 0.723336 1.000458 1.523594 5.203588 9.576811 19.263125 30.253216 
50492160000000.000000 0.387099 0.723335 1.000436 1.523647 5.201544 9.574596 19.313625 29.948563 
55541376000000.000000 0.387098 0.723332 1.000462 1.523655 5.202216 9.542729 19.231886 30.237574 
60590592000000.000000 0.387098 0.723331 1.000435 1.523652 5.202519 9.524415 19.171470 30.036613 
65639808000000.000000 0.387099 0.723326 1.000473 1.523674 5.203261 9.517216 19.162761 30.137020 
70689024000000.000000 0.387098 0.723330 1.000445 1.523684 5.202444 9.539891 19.169028 30.137585 
75738240000000.000000 0.387099 0.723326 1.000456 1.523768 5.202109 9.563642 19.253042 30.009788 
80787456000000.000000 0.387098 0.723331 1.000461 1.523759 5.202096 9.585409 19.311556 30.277101 
85836672000000.000000 0.387098 0.723324 1.000438 1.523813 5.203676 9.584442 19.236475 29.921887 
90885888000000.000000 0.387099 0.723338 1.000471 1.523700 5.202959 9.577102 19.134632 30.279515 
95935104000000.000000 0.387097 0.723328 1.000431 1.523732 5.202219 9.558215 19.142299 29.983339 
100984320000000.000000 0.387098 0.723343 1.000464 1.523680 5.202311 9.534480 19.226701 30.196198 
106033536000000.000000 0.387100 0.723329 1.000430 1.523594 5.202537 9.521877 19.272456 30.103242 
111082752000000.000000 0.387098 0.723337 1.000462 1.523641 5.202761 9.524424 19.281003 30.025017 
116131968000000.000000 0.387097 0.723330 1.000441 1.523609 5.202059 9.547545 19.230764 30.257200 
121181184000000.000000 0.387098 0.723328 1.000459 1.523591 5.202510 9.561872 19.140240 29.953062 
126230400000000.000000 0.387099 0.723327 1.000454 1.523683 5.202836 9.581502 19.141785 30.262022 
131279616000000.000000 0.387098 0.723330 1.000448 1.523755 5.203715 9.581752 19.236555 29.976970 
136328832000000.000000 0.387098 0.723326 1.000467 1.523691 5.201978 9.581942 19.297426 30.210630 
141378048000000.000000 0.387098 0.723330 1.000445 1.523749 5.202287 9.554206 19.272861 30.082017 
146427264000000.000000 0.387099 0.723322 1.000466 1.523729 5.202321 9.535207 19.182137 30.067732 
151476480000000.000000 0.387099 0.723335 1.000445 1.523808 5.203121 9.515946 19.163196 30.195145 
156525696000000.000000 0.387098 0.723327 1.000453 1.523728 5.202715 9.525914 19.170908 30.007063 
161574912000000.000000 0.387098 0.723332 1.000457 1.523704 5.201685 9.558802 19.245110 30.224269 
166624128000000.000000 0.387100 0.723332 1.000449 1.523659 5.202484 9.572984 19.325575 30.001868 
171673344000000.000000 0.387100 0.723333 1.000450 1.523709 5.203263 9.586148 19.256846 30.178997 
176722560000000.000000 0.387097 0.723323 1.000465 1.523700 5.203295 9.576207 19.155007 30.107352 
181771776000000.000000 0.387098 0.723330 1.000444 1.523619 5.201982 9.570366 19.136775 30.054304 
186820992000000.000000 0.387099 0.723321 1.000472 1.523600 5.202689 9.544413 19.223388 30.207974 
191870208000000.000000 0.387098 0.723330 1.000445 1.523622 5.202120 9.534182 19.276253 29.989613 
196919424000000.000000 0.387098 0.723322 1.000469 1.523619 5.202928 9.517296 19.266054 30.223562 
201968640000000.000000 0.387099 0.723327 1.000454 1.523666 5.202303 9.532052 19.252670 30.033112 
207017856000000.000000 0.387098 0.723323 1.000467 1.523711 5.202200 9.558763 19.167855 30.125644 
212067072000000.000000 0.387098 0.723329 1.000455 1.523722 5.202729 9.580049 19.115818 30.156512 
217116288000000.000000 0.387099 0.723323 1.000456 1.523779 5.203910 9.585086 19.213903 30.003065 
222165504000000.000000 0.387098 0.723332 1.000464 1.523732 5.202086 9.586740 19.310176 30.262158 
227214720000000.000000 0.387099 0.723326 1.000438 1.523742 5.201950 9.565818 19.277835 29.948346 
232263936000000.000000 0.387099 0.723350 1.000461 1.523661 5.202876 9.536979 19.181640 30.256876 
237313152000000.000000 0.387098 0.723327 1.000435 1.523663 5.202948 9.521527 19.161431 30.014917 
242362368000000.000000 0.387098 0.723332 1.000465 1.523650 5.202850 9.518998 19.173008 30.141958 
247411584000000.000000 0.387099 0.723323 1.000452 1.523622 5.202038 9.539296 19.210776 30.148545 
252460800000000.000000 0.387097 0.723333 1.000451 1.523640 5.201966 9.561795 19.293976 30.002917 
257510016000000.000000 0.387098 0.723324 1.000463 1.523627 5.202250 9.583232 19.277681 30.269726 
262559232000000.000000 0.387098 0.723333 1.000444 1.523617 5.204698 9.574540 19.162643 29.933663 
267608448000000.000000 0.387098 0.723321 1.000467 1.523688 5.202386 9.583226 19.124587 30.287690 
272657664000000.000000 0.387099 0.723334 1.000439 1.523716 5.202211 9.563445 19.191528 29.966114 
277706880000000.000000 0.387098 0.723320 1.000474 1.523658 5.202008 9.547072 19.287459 30.193863 
282756096000000.000000 0.387099 0.723333 1.000441 1.523755 5.202862 9.523205 19.278598 30.098087 
287805312000000.000000 0.387099 0.723324 1.000463 1.523741 5.202767 9.520209 19.236570 30.055537 
292854528000000.000000 0.387099 0.723335 1.000447 1.523784 5.202643 9.533004 19.173001 30.229881 
297903744000000.000000 0.387098 0.723334 1.000446 1.523721 5.201883 9.561912 19.137857 29.950597 
302952960000000.000000 0.387098 0.723332 1.000459 1.523637 5.202405 9.589641 19.204106 30.287971 
308002176000000.000000 0.387099 0.723332 1.000444 1.523631 5.204602 9.583489 19.290906 29.962211 
313051392000000.000000 0.387098 0.723331 1.000458 1.523635 5.201562 9.585399 19.302196 30.197599 
318100608000000.000000 0.387098 0.723323 1.000461 1.523645 5.202446 9.550454 19.214018 30.087670 
323149824000000.000000 0.387099 0.723329 1.000450 1.523598 5.202499 9.531818 19.153566 30.067725 
328199040000000.000000 0.387099 0.723323 1.000467 1.523620 5.203309 9.516033 19.167276 30.202140 
333248256000000.000000 0.387098 0.723331 1.000445 1.523683 5.202296 9.530050 19.218420 29.984269 
338297472000000.000000 0.387098 0.723323 1.000464 1.523653 5.202263 9.543839 19.277721 30.224499 
343346688000000.000000 0.387098 0.723330 1.000447 1.523687 5.201676 9.571293 19.300237 30.032529 
348395904000000.000000 0.387099 0.723327 1.000459 1.523758 5.203362 9.580865 19.225441 30.157551 
353445120000000.000000 0.387100 0.723339 1.000455 1.523696 5.204570 9.580139 19.121622 30.105634 
358494336000000.000000 0.387097 0.723330 1.000438 1.523738 5.201976 9.580285 19.173821 30.063009 
363543552000000.000000 0.387098 0.723334 1.000465 1.523731 5.201559 9.561722 19.271666 30.209005 
368592768000000.000000 0.387099 0.723326 1.000439 1.523778 5.202358 9.536074 19.285803 29.991227 
373641984000000.000000 0.387098 0.723328 1.000472 1.523689 5.203217 9.518453 19.236078 30.213316 
378691200000000.000000 0.387098 0.723326 1.000449 1.523713 5.203121 9.520446 19.187350 30.039864 
383740416000000.000000 0.387099 0.723328 1.000463 1.523677 5.202440 9.537176 19.151356 30.153269 
388789632000000.000000 0.387098 0.723324 1.000459 1.523619 5.201422 9.569694 19.166937 30.116532 
393838848000000.000000 0.387098 0.723328 1.000449 1.523618 5.202465 9.585776 19.277092 30.032971 
398888064000000.000000 0.387098 0.723322 1.000473 1.523616 5.204691 9.584686 19.309910 30.254272 
403937280000000.000000 0.387099 0.723331 1.000438 1.523614 5.202394 9.580096 19.217141 29.954843 
408986496000000.000000 0.387099 0.723322 1.000474 1.523715 5.201692 9.559111 19.146201 30.249828 
414035712000000.000000 0.387098 0.723334 1.000435 1.523714 5.202932 9.526695 19.157341 29.995184 
419084928000000.000000 0.387098 0.723325 1.000472 1.523668 5.202482 9.524710 19.204302 30.186203 
424134144000000.000000 0.387098 0.723333 1.000440 1.523757 5.202786 9.526307 19.257894 30.111997 
429183360000000.000000 0.387099 0.723339 1.000450 1.523749 5.202022 9.547228 19.297486 30.023236 
434232576000000.000000 0.387098 0.723332 1.000448 1.523769 5.202241 9.567909 19.236591 30.258484 
439281792000000.000000 0.387098 0.723326 1.000453 1.523711 5.202729 9.586428 19.126041 29.944869 
444331008000000.000000 0.387098 0.723332 1.000457 1.523718 5.204120 9.583002 19.141335 30.277463 
449380224000000.000000 0.387100 0.723323 1.000460 1.523668 5.201790 9.580197 19.240824 29.947586 
454429440000000.000000 0.387098 0.723330 1.000453 1.523646 5.201822 9.552311 19.281723 30.223056 
459478656000000.000000 0.387098 0.723327 1.000457 1.523640 5.202940 9.523122 19.264047 30.079240 
464527872000000.000000 0.387099 0.723328 1.000450 1.523592 5.202866 9.519821 19.211192 30.061197 
469577088000000.000000 0.387099 0.723330 1.000458 1.523631 5.203057 9.525814 19.162672 30.204786 
474626304000000.000000 0.387098 0.723327 1.000454 1.523670 5.201874 9.555370 19.150052 29.979733 
479675520000000.000000 0.387099 0.723334 1.000443 1.523646 5.201950 9.574694 19.234052 30.271567 
484724736000000.000000 0.387098 0.723341 1.000451 1.523678 5.202984 9.585537 19.326828 29.945350 
489773952000000.000000 0.387098 0.723331 1.000438 1.523725 5.204087 9.577359 19.268745 30.231315 
494823168000000.000000 0.387098 0.723328 1.000474 1.523686 5.202183 9.576037 19.161109 30.047817 
499872384000000.000000 0.387098 0.723330 1.000437 1.523737 5.202155 9.551309 19.141417 30.110351 
504921600000000.000000 0.387099 0.723325 1.000474 1.523728 5.202190 9.531654 19.215495 30.164958 
509970816000000.000000 0.387099 0.723326 1.000445 1.523769 5.202622 9.520847 19.258516 29.998832 
515020032000000.000000 0.387099 0.723324 1.000470 1.523703 5.202818 9.527355 19.277714 30.255828 
520069248000000.000000 0.387098 0.723325 1.000456 1.523692 5.202603 9.547951 19.270610 29.982438 
525118464000000.000000 0.387098 0.723324 1.000461 1.523654 5.202191 9.571057 19.183960 30.182951 
530167680000000.000000 0.387099 0.723324 1.000468 1.523589 5.202711 9.589450 19.112883 30.092341 
535216896000000.000000 0.387098 0.723325 1.000443 1.523591 5.203657 9.583140 19.205737 30.072144 
540266112000000.000000 0.387098 0.723325 1.000477 1.523640 5.201917 9.576416 19.297305 30.204347 
545315328000000.000000 0.387099 0.723328 1.000438 1.523674 5.202433 9.542309 19.289481 29.979734 
550364544000000.000000 0.387099 0.723329 1.000474 1.523734 5.202442 9.523929 19.214214 30.238175 
555413760000000.000000 0.387097 0.723332 1.000436 1.523719 5.203134 9.518689 19.172307 30.018855 
560462976000000.000000 0.387098 0.723340 1.000454 1.523656 5.202066 9.544177 19.154133 30.153989 
565512192000000.000000 0.387099 0.723330 1.000450 1.523776 5.202256 9.561855 19.189597 30.114434 
570561408000000.000000 0.387098 0.723327 1.000453 1.523732 5.202141 9.579842 19.298768 30.045774 
575610624000000.000000 0.387098 0.723326 1.000460 1.523741 5.203900 9.577338 19.291515 30.236401 
580659840000000.000000 0.387099 0.723332 1.000445 1.523709 5.203013 9.577717 19.189619 29.947263 
585709056000000.000000 0.387099 0.723325 1.000463 1.523726 5.201992 9.565585 19.130629 30.264743 
590758272000000.000000 0.387098 0.723332 1.000448 1.523663 5.202121 9.543126 19.165542 29.988859 
595807488000000.000000 0.387098 0.723322 1.000461 1.523622 5.202573 9.522653 19.242864 30.188796 
600856704000000.000000 0.387098 0.723333 1.000451 1.523620 5.203020 9.518636 19.277218 30.097899 
605905920000000.000000 0.387099 0.723326 1.000454 1.523579 5.202271 9.542159 19.278946 30.034179 
610955136000000.000000 0.387100 0.723333 1.000457 1.523619 5.202456 9.562625 19.194955 30.254822 
616004352000000.000000 0.387098 0.723337 1.000441 1.523640 5.202569 9.586511 19.118254 29.928275 
621053568000000.000000 0.387097 0.723334 1.000448 1.523650 5.203485 9.586312 19.171069 30.295836 
626102784000000.000000 0.387099 0.723331 1.000457 1.523720 5.202182 9.579711 19.266586 29.948676 
631152000000000.000000 0.387098 0.723331 1.000443 1.523811 5.202515 9.552472 19.300404 30.232549 
636201216000000.000000 0.387098 0.723324 1.000473 1.523700 5.202605 9.533019 19.239548 30.061990 
641250432000000.000000 0.387099 0.723330 1.000442 1.523771 5.202957 9.517868 19.178936 30.073593 
646299648000000.000000 0.387100 0.723322 1.000472 1.523739 5.202356 9.526994 19.153963 30.211547 
651348864000000.000000 0.387098 0.723325 1.000450 1.523669 5.201835 9.551134 19.171985 29.970172 
656398080000000.000000 0.387099 0.723322 1.000470 1.523639 5.202384 9.568769 19.261487 30.267735 
661447296000000.000000 0.387098 0.723326 1.000458 1.523625 5.203518 9.580008 19.317703 29.962097 
666496512000000.000000 0.387098 0.723324 1.000458 1.523618 5.203573 9.577586 19.247996 30.229193 
671545728000000.000000 0.387098 0.723325 1.000468 1.523625 5.201611 9.579226 19.138721 30.054062 
676594944000000.000000 0.387098 0.723326 1.000443 1.523629 5.202449 9.552313 19.159402 30.104225 
681644160000000.000000 0.387099 0.723333 1.000474 1.523659 5.202283 9.536469 19.238847 30.175249 
686693376000000.000000 0.387099 0.723328 1.000434 1.523736 5.203347 9.513839 19.269406 30.016805 
691742592000000.000000 0.387098 0.723344 1.000455 1.523717 5.202322 9.529131 19.282105 30.219489 
696791808000000.000000 0.387098 0.723327 1.000445 1.523738 5.201986 9.556674 19.234178 29.997631 
701841024000000.000000 0.387098 0.723337 1.000453 1.523688 5.202267 9.581555 19.139596 30.201797 
706890240000000.000000 0.387099 0.723327 1.000455 1.523769 5.203883 9.585281 19.133985 30.073675 
711939456000000.000000 0.387099 0.723332 1.000448 1.523735 5.202447 9.584648 19.257648 30.081469 
716988672000000.000000 0.387098 0.723326 1.000459 1.523670 5.202166 9.564095 19.305769 30.200999 
722037888000000.000000 0.387099 0.723330 1.000446 1.523667 5.202772 9.538386 19.245774 29.997113 
727087104000000.000000 0.387098 0.723325 1.000467 1.523580 5.202479 9.526313 19.204556 30.228101 
732136320000000.000000 0.387098 0.723330 1.000444 1.523572 5.202729 9.521441 19.161357 30.008075 
737185536000000.000000 0.387098 0.723325 1.000463 1.523676 5.202090 9.540141 19.152036 30.164913 
742234752000000.000000 0.387099 0.723331 1.000449 1.523681 5.202134 9.563241 19.227315 30.126337 
747283968000000.000000 0.387099 0.723326 1.000454 1.523678 5.202763 9.582291 19.317164 30.019875 
752333184000000.000000 0.387098 0.723330 1.000458 1.523731 5.204444 9.580122 19.272743 30.243320 
757382400000000.000000 0.387098 0.723330 1.000446 1.523718 5.201983 9.585757 19.140801 29.964977 
762431616000000.000000 0.387099 0.723331 1.000454 1.523752 5.201859 9.562987 19.139853 30.259096 
767480832000000.000000 0.387098 0.723344 1.000440 1.523727 5.202439 9.537937 19.202018 29.979606 
772530048000000.000000 0.387097 0.723331 1.000451 1.523740 5.203123 9.518762 19.258768 30.188061 
777579264000000.000000 0.387098 0.723328 1.000467 1.523656 5.203097 9.519226 19.274034 30.104496 
782628480000000.000000 0.387099 0.723330 1.000442 1.523678 5.202248 9.539604 19.242063 30.040532 
787677696000000.000000 0.387099 0.723325 1.000471 1.523679 5.201625 9.566174 19.166356 30.232284 
792726912000000.000000 0.387099 0.723327 1.000442 1.523606 5.202471 9.587103 19.131729 29.943876 
797776128000000.000000 0.387098 0.723324 1.000476 1.523626 5.204713 9.578515 19.206769 30.306627 
802825344000000.000000 0.387099 0.723327 1.000448 1.523645 5.201974 9.581591 19.312521 29.931075 
807874560000000.000000 0.387099 0.723326 1.000460 1.523627 5.202348 9.551157 19.278067 30.227192 
812923776000000.000000 0.387098 0.723327 1.000462 1.523670 5.201929 9.539106 19.199088 30.065884 
817972992000000.000000 0.387098 0.723326 1.000443 1.523690 5.203094 9.518724 19.153125 30.084160 
823022208000000.000000 0.387099 0.723327 1.000473 1.523713 5.202648 9.526201 19.170995 30.197821 
828071424000000.000000 0.387098 0.723330 1.000433 1.523800 5.202372 9.544290 19.228470 29.960195 
833120640000000.000000 0.387098 0.723332 1.000474 1.523751 5.201756 9.574117 19.285250 30.290000 
838169856000000.000000 0.387099 0.723332 1.000427 1.523680 5.203944 9.588028 19.298228 29.951669 
843219072000000.000000 0.387098 0.723342 1.000465 1.523661 5.203318 9.586856 19.194280 30.209985 
848268288000000.000000 0.387098 0.723332 1.000435 1.523627 5.201427 9.574684 19.129014 30.070458 
853317504000000.000000 0.387098 0.723330 1.000464 1.523636 5.202502 9.539422 19.194182 30.091624 
858366720000000.000000 0.387099 0.723331 1.000441 1.523629 5.202750 9.523499 19.252930 30.184432 
863415936000000.000000 0.387099 0.723327 1.000458 1.523644 5.203374 9.516666 19.287142 29.985154 
868465152000000.000000 0.387098 0.723331 1.000453 1.523642 5.202184 9.538756 19.269512 30.233111 
873514368000000.000000 0.387098 0.723325 1.000458 1.523621 5.201807 9.560523 19.193194 30.014982 
878563584000000.000000 0.387098 0.723328 1.000457 1.523709 5.202014 9.580436 19.129701 30.167539 
883612800000000.000000 0.387099 0.723327 1.000453 1.523762 5.204678 9.577477 19.188875 30.096057 
888662016000000.000000 0.387098 0.723324 1.000459 1.523695 5.203180 9.581932 19.302173 30.063269 
893711232000000.000000 0.387097 0.723329 1.000458 1.523745 5.201775 9.570414 19.279339 30.206141 
898760448000000.000000 0.387099 0.723330 1.000450 1.523720 5.202106 9.546123 19.200390 29.987800 
903809664000000.000000 0.387101 0.723331 1.000456 1.523741 5.202468 9.527365 19.164930 30.217380 
908858880000000.000000 0.387097 0.723338 1.000443 1.523728 5.203209 9.516378 19.156797 30.027231 
913908096000000.000000 0.387098 0.723329 1.000460 1.523659 5.202630 9.532501 19.206361 30.159488 
918957312000000.000000 0.387099 0.723347 1.000436 1.523611 5.202389 9.554090 19.287223 30.123778 
924006528000000.000000 0.387099 0.723331 1.000447 1.523605 5.201614 9.587703 19.294559 30.010257 
929055744000000.000000 0.387098 0.723334 1.000462 1.523601 5.204498 9.582228 19.193508 30.269968 
934104960000000.000000 0.387099 0.723330 1.000437 1.523665 5.202200 9.588163 19.117440 29.941234 
939154176000000.000000 0.387099 0.723326 1.000472 1.523709 5.202199 9.556850 19.178669 30.260618 
944203392000000.000000 0.387099 0.723330 1.000439 1.523719 5.202731 9.528832 19.250158 29.996144 
949252608000000.000000 0.387098 0.723324 1.000469 1.523713 5.202565 9.522099 19.270346 30.165301 
954301824000000.000000 0.387098 0.723330 1.000447 1.523725 5.202564 9.527330 19.268921 30.137072 
959351040000000.000000 0.387099 0.723327 1.000454 1.523798 5.202043 9.551236 19.194537 30.005336 
964400256000000.000000 0.387100 0.723330 1.000461 1.523690 5.202469 9.565430 19.131245 30.265932 
969449472000000.000000 0.387098 0.723330 1.000436 1.523706 5.202684 9.585002 19.157595 29.939416 
974498688000000.000000 0.387098 0.723330 1.000471 1.523691 5.204191 9.575578 19.271327 30.279923 
979547904000000.000000 0.387099 0.723332 1.000430 1.523640 5.201675 9.580980 19.311878 29.962417 
984597120000000.000000 0.387098 0.723332 1.000476 1.523630 5.202190 9.550052 19.227725 30.204782 
989646336000000.000000 0.387098 0.723333 1.000430 1.523612 5.202499 9.528333 19.165344 30.091691 
994695552000000.000000 0.387098 0.723337 1.000460 1.523601 5.202981 9.517172 19.166071 30.056716 
999744768000000.000000 0.387099 0.723331 1.000442 1.523668 5.202742 9.528945 19.200631 30.222659 
1004793984000000.000000 0.387099 0.723329 1.000455 1.523669 5.202275 9.554890 19.274953 29.965856 
1009843200000000.000000 0.387098 0.723326 1.000462 1.523658 5.202018 9.578801 19.310467 30.269185 
1014892416000000.000000 0.387098 0.723328 1.000447 1.523691 5.203135 9.587433 19.226946 29.965209 
1019941632000000.000000 0.387099 0.723324 1.000464 1.523747 5.203506 9.579898 19.125925 30.212590 
1024990848000000.000000 0.387098 0.723329 1.000451 1.523809 5.202219 9.570318 19.156348 30.074440 
1030040064000000.000000 0.387098 0.723324 1.000463 1.523739 5.202347 9.544926 19.255571 30.073940 
1035089280000000.000000 0.387098 0.723330 1.000452 1.523673 5.202456 9.526362 19.277463 30.197693 
1040138496000000.000000 0.387099 0.723323 1.000458 1.523638 5.202741 9.520087 19.261593 30.001638 
1045187712000000.000000 0.387099 0.723331 1.000457 1.523614 5.202134 9.539483 19.234584 30.230640 
1050236928000000.000000 0.387098 0.723331 1.000447 1.523652 5.202591 9.555463 19.150784 30.011298 
1055286144000000.000000 0.387097 0.723331 1.000463 1.523630 5.202476 9.577431 19.135367 30.162180 
1060335360000000.000000 0.387100 0.723343 1.000437 1.523573 5.203652 9.582874 19.252905 30.128104 
1065384576000000.000000 0.387098 0.723333 1.000451 1.523647 5.202619 9.583723 19.322364 30.031705 
1070433792000000.000000 0.387098 0.723337 1.000449 1.523666 5.201896 9.564900 19.249032 30.219430 
1075483008000000.000000 0.387098 0.723332 1.000443 1.523726 5.202405 9.538187 19.161177 30.001101 
1080532224000000.000000 0.387099 0.723324 1.000469 1.523792 5.202821 9.520376 19.158743 30.217971 
1085581440000000.000000 0.387098 0.723333 1.000441 1.523700 5.203184 9.519347 19.175789 30.028119 
1090630656000000.000000 0.387098 0.723325 1.000462 1.523731 5.201639 9.553107 19.241190 30.133422 
1095679872000000.000000 0.387098 0.723328 1.000452 1.523732 5.202319 9.566509 19.307597 30.159657 
1100729088000000.000000 0.387099 0.723329 1.000452 1.523734 5.202663 9.586127 19.246539 30.006517 
1105778304000000.000000 0.387099 0.723328 1.000458 1.523647 5.203901 9.577768 19.144644 30.251309 
1110827520000000.000000 0.387098 0.723331 1.000436 1.523635 5.202312 9.573813 19.136933 29.949014 
1115876736000000.000000 0.387098 0.723328 1.000470 1.523651 5.202152 9.551827 19.206065 30.274159 
1120925952000000.000000 0.387098 0.723332 1.000426 1.523593 5.202267 9.533991 19.285517 29.982725 
1125975168000000.000000 0.387100 0.723341 1.000476 1.523597 5.202866 9.519446 19.277007 30.158099 
1131024384000000.000000 0.387097 0.723329 1.000428 1.523678 5.202669 9.525887 19.241527 30.146536 
1136073600000000.000000 0.387097 0.723335 1.000466 1.523673 5.201995 9.552381 19.154806 30.006155 
1141122816000000.000000 0.387099 0.723327 1.000443 1.523732 5.202502 9.572227 19.130249 30.263695 
1146172032000000.000000 0.387098 0.723331 1.000461 1.523789 5.203566 9.586522 19.218721 29.913581 
1151221248000000.000000 0.387098 0.723324 1.000458 1.523700 5.202905 9.586363 19.295326 30.305092 
1156270464000000.000000 0.387099 0.723328 1.000455 1.523774 5.201738 9.573961 19.291601 29.964229 
1161319680000000.000000 0.387099 0.723322 1.000468 1.523715 5.202577 9.543313 19.195977 30.182255 
1166368896000000.000000 0.387098 0.723328 1.000448 1.523677 5.202776 9.525996 19.155571 30.104227 
1171418112000000.000000 0.387099 0.723320 1.000473 1.523663 5.203143 9.516367 19.173997 30.050800 
1176467328000000.000000 0.387099 0.723327 1.000450 1.523628 5.202221 9.534048 19.217282 30.223625 
1181516544000000.000000 0.387099 0.723323 1.000465 1.523608 5.201768 9.560337 19.297090 29.948644 
1186565760000000.000000 0.387099 0.723330 1.000453 1.523620 5.202350 9.579248 19.297114 30.265677 
1191614976000000.000000 0.387097 0.723326 1.000457 1.523667 5.204133 9.578728 19.192465 29.988616 
1196664192000000.000000 0.387098 0.723331 1.000461 1.523660 5.202935 9.578944 19.122359 30.188684 
1201713408000000.000000 0.387099 0.723341 1.000439 1.523650 5.201838 9.569673 19.196115 30.082254 
1206762624000000.000000 0.387098 0.723332 1.000450 1.523672 5.202310 9.545840 19.286077 30.067507 
1211811840000000.000000 0.387098 0.723327 1.000459 1.523747 5.202325 9.529477 19.276412 30.212861 
1216861056000000.000000 0.387100 0.723332 1.000445 1.523737 5.203219 9.515196 19.241574 29.987147 
1221910272000000.000000 0.387099 0.723327 1.000463 1.523795 5.202279 9.537015 19.197992 30.217292 
1226959488000000.000000 0.387098 0.723333 1.000442 1.523701 5.202138 9.563014 19.130486 30.027027 
1232008704000000.000000 0.387098 0.723324 1.000468 1.523619 5.202386 9.589127 19.169212 30.157784 
1237057920000000.000000 0.387099 0.723331 1.000441 1.523674 5.204008 9.584784 19.288858 30.128487 
1242107136000000.000000 0.387098 0.723324 1.000467 1.523630 5.201830 9.585021 19.306684 30.019086 
1247156352000000.000000 0.387098 0.723331 1.000448 1.523606 5.202462 9.552494 19.217408 30.245064 
1252205568000000.000000 0.387099 0.723325 1.000454 1.523619 5.202781 9.529104 19.160059 29.988130 
1257254784000000.000000 0.387100 0.723334 1.000458 1.523617 5.202699 9.520951 19.161889 30.207000 
1262304000000000.000000 0.387098 0.723326 1.000442 1.523660 5.202577 9.527016 19.192611 30.041597 
1267353216000000.000000 0.387097 0.723338 1.000464 1.523714 5.202105 9.548490 19.260479 30.123764 
1272402432000000.000000 0.387098 0.723326 1.000439 1.523723 5.201948 9.569188 19.305332 30.175246 
1277451648000000.000000 0.387098 0.723348 1.000454 1.523759 5.203035 9.581930 19.223464 29.984300 
1282500864000000.000000 0.387098 0.723327 1.000438 1.523739 5.204494 9.578147 19.125540 30.260300 
1287550080000000.000000 0.387098 0.723333 1.000465 1.523778 5.201972 9.582025 19.148386 29.963031 
1292599296000000.000000 0.387098 0.723325 1.000456 1.523691 5.201979 9.558905 19.238146 30.250442 
1297648512000000.000000 0.387098 0.723326 1.000457 1.523711 5.202155 9.538420 19.287621 29.995022 
1302697728000000.000000 0.387098 0.723323 1.000463 1.523669 5.203255 9.516523 19.252165 30.163087 
1307746944000000.000000 0.387099 0.723326 1.000452 1.523619 5.202930 9.521864 19.203093 30.136578 
1312796160000000.000000 0.387098 0.723322 1.000473 1.523658 5.202551 9.539390 19.153400 30.015210 
1317845376000000.000000 0.387100 0.723328 1.000449 1.523637 5.201454 9.572155 19.155049 30.244799 
1322894592000000.000000 0.387099 0.723322 1.000465 1.523595 5.203061 9.587215 19.259398 29.944901 
1327943808000000.000000 0.387098 0.723331 1.000454 1.523654 5.204162 9.584759 19.322493 30.291470 
1332993024000000.000000 0.387098 0.723325 1.000454 1.523725 5.201815 9.577468 19.249300 29.958606 
1338042240000000.000000 0.387099 0.723333 1.000457 1.523708 5.202443 9.548310 19.158632 30.196619 
1343091456000000.000000 0.387098 0.723333 1.000446 1.523740 5.202348 9.531917 19.152948 30.101078 
1348140672000000.000000 0.387097 0.723336 1.000453 1.523707 5.202986 9.518318 19.205506 30.053040 
1353189888000000.000000 0.387099 0.723330 1.000453 1.523773 5.202176 9.533918 19.245898 30.220073 
1358239104000000.000000 0.387099 0.723335 1.000447 1.523718 5.202575 9.545711 19.292774 29.966966 
1363288320000000.000000 0.387098 0.723321 1.000466 1.523686 5.201809 9.578969 19.270356 30.272128 
1368337536000000.000000 0.387098 0.723336 1.000442 1.523630 5.204242 9.580898 19.166241 29.982115 
1373386752000000.000000 0.387099 0.723320 1.000469 1.523603 5.203026 9.588117 19.127185 30.183819 
1378435968000000.000000 0.387098 0.723335 1.000437 1.523649 5.201684 9.572045 19.225578 30.096925 
1383485184000000.000000 0.387098 0.723322 1.000472 1.523642 5.202086 9.547074 19.288749 30.078249 
1388534400000000.000000 0.387099 0.723333 1.000442 1.523640 5.203062 9.521696 19.278561 30.187923 
1393583616000000.000000 0.387099 0.723325 1.000456 1.523668 5.203116 9.517131 19.226834 30.002560 
1398632832000000.000000 0.387099 0.723330 1.000461 1.523668 5.202481 9.533546 19.166840 30.224267 
1403682048000000.000000 0.387098 0.723328 1.000437 1.523662 5.201941 9.556585 19.144460 30.018901 
1408731264000000.000000 0.387097 0.723346 1.000463 1.523731 5.201870 9.580222 19.220194 30.160591 
1413780480000000.000000 0.387099 0.723327 1.000435 1.523714 5.203654 9.582391 19.314224 30.119428 
1418829696000000.000000 0.387100 0.723334 1.000466 1.523766 5.203608 9.580519 19.260229 30.053667 
1423878912000000.000000 0.387098 0.723326 1.000447 1.523733 5.202078 9.572452 19.172632 30.210371 
1428928128000000.000000 0.387098 0.723331 1.000465 1.523729 5.202078 9.549732 19.143980 29.982544 
1433977344000000.000000 0.387099 0.723324 1.000454 1.523671 5.202706 9.525871 19.177450 30.237732 
1439026560000000.000000 0.387098 0.723328 1.000457 1.523635 5.202350 9.524275 19.244146 30.010252 
1444075776000000.000000 0.387098 0.723323 1.000465 1.523637 5.202983 9.525743 19.284925 30.150252 
1449124992000000.000000 0.387099 0.723329 1.000447 1.523593 5.202276 9.552607 19.274448 30.143154 
1454174208000000.000000 0.387099 0.723322 1.000475 1.523630 5.202348 9.575387 19.169648 30.007656 
1459223424000000.000000 0.387098 0.723331 1.000441 1.523666 5.203103 9.589715 19.114744 30.258693 
1464272640000000.000000 0.387098 0.723321 1.000468 1.523624 5.203010 9.584083 19.191987 29.932475 
1469321856000000.000000 0.387099 0.723332 1.000448 1.523703 5.201752 9.570970 19.280672 30.280907 
1474371072000000.000000 0.387099 0.723325 1.000457 1.523798 5.202370 9.537332 19.281769 29.992670 
1479420288000000.000000 0.387098 0.723335 1.000451 1.523714 5.203099 9.517065 19.226548 30.160929 
1484469504000000.000000 0.387098 0.723338 1.000444 1.523756 5.202495 9.526574 19.170943 30.130064 
1489518720000000.000000 0.387099 0.723338 1.000444 1.523703 5.202546 9.538367 19.150777 30.024042 
1494567936000000.000000 0.387099 0.723325 1.000459 1.523729 5.201579 9.569556 19.178994 30.261457 
1499617152000000.000000 0.387098 0.723335 1.000445 1.523682 5.202860 9.576106 19.291007 29.928064 
1504666368000000.000000 0.387098 0.723322 1.000465 1.523661 5.203847 9.581614 19.316730 30.288141 
1509715584000000.000000 0.387099 0.723334 1.000443 1.523616 5.203034 9.573988 19.196983 29.967154 
1514764800000000.000000 0.387098 0.723324 1.000465 1.523598 5.201501 9.567744 19.132845 30.206778 
1519814016000000.000000 0.387097 0.723330 1.000445 1.523614 5.202242 9.537978 19.183877 30.073884 
1524863232000000.000000 0.387098 0.723326 1.000465 1.523632 5.202726 9.521641 19.256962 30.067860 
1529912448000000.000000 0.387098 0.723330 1.000454 1.523674 5.202991 9.521258 19.273096 30.233180 
1534961664000000.000000 0.387099 0.723326 1.000447 1.523667 5.202550 9.538815 19.276376 29.962996 
1540010880000000.000000 0.387097 0.723339 1.000461 1.523663 5.202056 9.565706 19.211221 30.260932 
1545060096000000.000000 0.387098 0.723327 1.000433 1.523691 5.202475 9.585096 19.118692 29.975708 
1550109312000000.000000 0.387100 0.723352 1.000463 1.523812 5.203570 9.588920 19.169808 30.209664 
1555158528000000.000000 0.387099 0.723325 1.000433 1.523747 5.202659 9.578625 19.282584 30.081072 
1560207744000000.000000 0.387097 0.723340 1.000464 1.523732 5.202006 9.558326 19.300351 30.060789 
1565256960000000.000000 0.387098 0.723326 1.000440 1.523689 5.202667 9.530396 19.233557 30.202535 
1570306176000000.000000 0.387100 0.723332 1.000469 1.523625 5.202772 9.520076 19.184171 30.005571 
1575355392000000.000000 0.387098 0.723324 1.000449 1.523616 5.202711 9.526703 19.155700 30.214822 
1580404608000000.000000 0.387097 0.723329 1.000462 1.523630 5.201584 9.554472 19.172952 30.019679 
1585453824000000.000000 0.387099 0.723324 1.000456 1.523623 5.202570 9.565095 19.275120 30.152326 
1590503040000000.000000 0.387100 0.723330 1.000450 1.523628 5.203095 9.581631 19.311182 30.140554 
1595552256000000.000000 0.387099 0.723323 1.000472 1.523668 5.203693 9.578555 19.218491 30.022256 
1600601472000000.000000 0.387098 0.723332 1.000440 1.523684 5.202016 9.578128 19.130010 30.214309 
1605650688000000.000000 0.387098 0.723324 1.000465 1.523696 5.201984 9.554746 19.161320 29.997934 
1610699904000000.000000 0.387099 0.723336 1.000442 1.523724 5.202462 9.532546 19.225729 30.226910 
1615749120000000.000000 0.387098 0.723333 1.000449 1.523787 5.202938 9.518133 19.271448 30.016708 
1620798336000000.000000 0.387098 0.723336 1.000454 1.523705 5.202882 9.524464 19.272401 30.137736 
1625847552000000.000000 0.387097 0.723337 1.000443 1.523770 5.201696 9.559599 19.214746 30.156626 
1630896768000000.000000 0.387099 0.723333 1.000453 1.523697 5.202606 9.574647 19.131028 30.007690 
1635945984000000.000000 0.387098 0.723330 1.000448 1.523611 5.203210 9.589238 19.145819 30.246072 
1640995200000000.000000 0.387098 0.723331 1.000452 1.523667 5.202875 9.579366 19.261791 29.948370 
1646044416000000.000000 0.387099 0.723328 1.000452 1.523651 5.202263 9.564843 19.313326 30.282415 
1651093632000000.000000 0.387099 0.723330 1.000452 1.523585 5.202749 9.538007 19.248660 29.977577 
1656142848000000.000000 0.387098 0.723325 1.000464 1.523592 5.202321 9.527298 19.182031 30.165924 
1661192064000000.000000 0.387098 0.723330 1.000444 1.523618 5.202654 9.520851 19.151248 30.134138 
1666241280000000.000000 0.387098 0.723324 1.000470 1.523695 5.202345 9.535801 19.175729 30.026329 
1671290496000000.000000 0.387099 0.723328 1.000450 1.523784 5.202101 9.561783 19.244646 30.250190 
1676339712000000.000000 0.387098 0.723326 1.000456 1.523718 5.202846 9.576750 19.307805 29.929797 
1681388928000000.000000 0.387097 0.723338 1.000456 1.523745 5.203886 9.581943 19.270152 30.299101 
1686438144000000.000000 0.387098 0.723328 1.000439 1.523714 5.202396 9.583490 19.149581 29.962981 
1691487360000000.000000 0.387099 0.723347 1.000460 1.523759 5.201832 9.568766 19.145590 30.199526 
1696536576000000.000000 0.387098 0.723326 1.000439 1.523669 5.202661 9.538755 19.224219 30.081179 
1701585792000000.000000 0.387098 0.723334 1.000466 1.523637 5.202663 9.523442 19.270216 30.089033 
1706635008000000.000000 0.387099 0.723325 1.000442 1.523651 5.203164 9.516772 19.286747 30.194963 
1711684224000000.000000 0.387098 0.723330 1.000468 1.523635 5.202176 9.541390 19.240727 29.975437 
1716733440000000.000000 0.387098 0.723327 1.000449 1.523622 5.201879 9.568318 19.157478 30.257660 
1721782656000000.000000 0.387099 0.723327 1.000458 1.523646 5.202451 9.585430 19.132190 29.986326 
1726831872000000.000000 0.387098 0.723325 1.000464 1.523628 5.204140 9.579308 19.247901 30.195405 
1731881088000000.000000 0.387099 0.723329 1.000443 1.523613 5.202277 9.580469 19.312352 30.080769 
1736930304000000.000000 0.387098 0.723324 1.000475 1.523667 5.202263 9.556977 19.248510 30.080292 
1741979520000000.000000 0.387098 0.723331 1.000439 1.523703 5.202475 9.535727 19.190261 30.192266 
1747028736000000.000000 0.387098 0.723331 1.000461 1.523769 5.202327 9.525703 19.160944 29.994241 
1752077952000000.000000 0.387098 0.723331 1.000452 1.523746 5.202991 9.520579 19.164121 30.225181 
1757127168000000.000000 0.387097 0.723339 1.000443 1.523744 5.202090 9.548035 19.222308 30.024329 
1762176384000000.000000 0.387097 0.723332 1.000457 1.523689 5.202161 9.571586 19.303404 30.140703 
1767225600000000.000000 0.387099 0.723341 1.000439 1.523641 5.203520 9.588594 19.287188 30.141452 
1772274816000000.000000 0.387099 0.723331 1.000456 1.523634 5.203150 9.586375 19.161724 30.023603 
1777324032000000.000000 0.387099 0.723330 1.000447 1.523596 5.201538 9.575803 19.125167 30.232137 
1782373248000000.000000 0.387098 0.723331 1.000457 1.523650 5.202440 9.542585 19.190847 29.977510 
1787422464000000.000000 0.387098 0.723326 1.000453 1.523681 5.203032 9.522333 19.254384 30.231891 
1792471680000000.000000 0.387099 0.723331 1.000452 1.523611 5.203134 9.517930 19.273894 30.033684 
1797520896000000.000000 0.387098 0.723324 1.000463 1.523669 5.202333 9.532985 19.251782 30.122227 
1802570112000000.000000 0.387099 0.723329 1.000446 1.523719 5.201776 9.556447 19.180610 30.161991 
1807619328000000.000000 0.387099 0.723325 1.000464 1.523695 5.201959 9.577102 19.132536 30.002185 
1812668544000000.000000 0.387097 0.723333 1.000449 1.523745 5.204254 9.581018 19.175376 30.268252 
1817717760000000.000000 0.387097 0.723329 1.000446 1.523711 5.203520 9.580007 19.294744 29.938201 
1822766976000000.000000 0.387100 0.723341 1.000456 1.523751 5.201594 9.573684 19.299915 30.272072 
1827816192000000.000000 0.387099 0.723332 1.000432 1.523712 5.202145 9.548509 19.200610 29.988142 
1832865408000000.000000 0.387097 0.723339 1.000470 1.523698 5.202420 9.531897 19.154866 30.180100 
1837914624000000.000000 0.387098 0.723332 1.000428 1.523657 5.203315 9.515210 19.171216 30.111346 
1842963840000000.000000 0.387099 0.723328 1.000473 1.523616 5.202494 9.529371 19.222366 30.029423 
1848013056000000.000000 0.387099 0.723329 1.000441 1.523623 5.202174 9.552898 19.275015 30.263867 
1853062272000000.000000 0.387098 0.723327 1.000462 1.523606 5.201804 9.583837 19.303706 29.932093 
1858111488000000.000000 0.387099 0.723326 1.000455 1.523649 5.204669 9.585828 19.216572 30.289729 
1863160704000000.000000 0.387099 0.723330 1.000449 1.523691 5.202548 9.588454 19.120988 29.961626 
1868209920000000.000000 0.387099 0.723325 1.000468 1.523628 5.201650 9.565164 19.173723 30.201122 
1873259136000000.000000 0.387098 0.723328 1.000440 1.523670 5.202812 9.532131 19.253962 30.095714 
1878308352000000.000000 0.387098 0.723325 1.000479 1.523762 5.202670 9.523663 19.273593 30.039174 
1883357568000000.000000 0.387099 0.723329 1.000438 1.523734 5.202994 9.522005 19.277576 30.220084 
1888406784000000.000000 0.387098 0.723332 1.000464 1.523749 5.201682 9.550219 19.221542 29.984781 
1893456000000000.000000 0.387097 0.723329 1.000448 1.523679 5.202287 9.565371 19.141300 30.236485 
1898505216000000.000000 0.387099 0.723343 1.000444 1.523664 5.202722 9.583977 19.148602 30.005302 
1903554432000000.000000 0.387099 0.723330 1.000457 1.523637 5.204615 9.576880 19.275166 30.161082 
1908603648000000.000000 0.387098 0.723345 1.000438 1.523641 5.201908 9.582905 19.312031 30.121278 
1913652864000000.000000 0.387097 0.723330 1.000455 1.523620 5.201769 9.557398 19.232286 30.052994 
1918702080000000.000000 0.387098 0.723330 1.000449 1.523614 5.202544 9.530717 19.174006 30.186070 
1923751296000000.000000 0.387099 0.723329 1.000456 1.523656 5.202937 9.519360 19.159367 30.014327 
1928800512000000.000000 0.387098 0.723326 1.000458 1.523660 5.203168 9.521186 19.182562 30.213893 
1933849728000000.000000 0.387099 0.723328 1.000451 1.523653 5.202298 9.546312 19.257445 30.027887 
1938898944000000.000000 0.387098 0.723328 1.000456 1.523705 5.201834 9.571192 19.305288 30.125691 
1943948160000000.000000 0.387098 0.723328 1.000450 1.523769 5.202411 9.588758 19.237127 30.159685 
1948997376000000.000000 0.387099 0.723330 1.000459 1.523715 5.204320 9.580105 19.138328 30.025451 
1954046592000000.000000 0.387098 0.723326 1.000454 1.523766 5.202176 9.578361 19.137508 30.222294 
1959095808000000.000000 0.387099 0.723330 1.000447 1.523710 5.202255 9.548025 19.222643 29.977595 
1964145024000000.000000 0.387098 0.723332 1.000460 1.523610 5.202391 9.527705 19.278651 30.241948 
1969194240000000.000000 0.387098 0.723331 1.000434 1.523660 5.202650 9.521437 19.275453 30.031731 
1974243456000000.000000 0.387098 0.723343 1.000462 1.523642 5.202530 9.532371 19.234049 30.111398 
1979292672000000.000000 0.387098 0.723329 1.000435 1.523602 5.202388 9.551821 19.145338 30.179281 
1984341888000000.000000 0.387097 0.723339 1.000463 1.523626 5.202306 9.571774 19.133869 30.001032 
1989391104000000.000000 0.387098 0.723327 1.000435 1.523632 5.203121 9.586783 19.217761 30.263431 
1994440320000000.000000 0.387099 0.723330 1.000474 1.523685 5.203562 9.579921 19.301333 29.924080 
1999489536000000.000000 0.387098 0.723326 1.000445 1.523776 5.201592 9.574978 19.279662 30.281176 
2004538752000000.000000 0.387097 0.723327 1.000463 1.523745 5.202371 9.540140 19.182828 30.005857 
2009587968000000.000000 0.387098 0.723323 1.000461 1.523740 5.202493 9.523782 19.162147 30.143080 
2014637184000000.000000 0.387098 0.723327 1.000451 1.523701 5.203275 9.517503 19.173154 30.140958 
2019686400000000.000000 0.387099 0.723321 1.000476 1.523743 5.202187 9.544527 19.220997 30.022737 
2024735616000000.000000 0.387099 0.723327 1.000446 1.523673 5.202004 9.567193 19.310403 30.260439 
2029784832000000.000000 0.387098 0.723321 1.000472 1.523649 5.202451 9.582821 19.288140 29.925611 
2034834048000000.000000 0.387098 0.723330 1.000446 1.523632 5.203719 9.581178 19.170424 30.279628 
2039883264000000.000000 0.387099 0.723323 1.000466 1.523590 5.202988 9.573280 19.121702 29.983192 
2044932480000000.000000 0.387099 0.723332 1.000450 1.523596 5.202005 9.560473 19.210277 30.184475 
2049981696000000.000000 0.387098 0.723335 1.000450 1.523684 5.202205 9.538107 19.285095 30.093918 
2055030912000000.000000 0.387099 0.723334 1.000453 1.523669 5.202537 9.522232 19.270077 30.045509 
2060080128000000.000000 0.387098 0.723333 1.000443 1.523660 5.202796 9.522730 19.249826 30.238449 
2065129344000000.000000 0.387098 0.723334 1.000458 1.523720 5.202252 9.546296 19.192530 29.960044 
2070178560000000.000000 0.387098 0.723325 1.000449 1.523736 5.202582 9.564789 19.123445 30.247404 
2075227776000000.000000 0.387099 0.723336 1.000450 1.523812 5.202884 9.585352 19.190841 30.008163 
2080276992000000.000000 0.387098 0.723322 1.000463 1.523740 5.203260 9.586238 19.294163 30.158090 
2085326208000000.000000 0.387098 0.723335 1.000439 1.523683 5.202011 9.578550 19.309551 30.128075 
2090375424000000.000000 0.387099 0.723320 1.000475 1.523624 5.202485 9.550029 19.208372 30.030744 
2095424640000000.000000 0.387099 0.723333 1.000442 1.523624 5.202730 9.528361 19.150049 30.219102 
2100473856000000.000000 0.387098 0.723322 1.000466 1.523621 5.202836 9.518209 19.168894 30.000743 
2105523072000000.000000 0.387097 0.723330 1.000445 1.523622 5.202510 9.529244 19.202015 30.206774 
2110572288000000.000000 0.387099 0.723325 1.000462 1.523663 5.201670 9.560146 19.284895 30.049482 
2115621504000000.000000 0.387099 0.723332 1.000456 1.523662 5.202519 9.572823 19.285408 30.117114 
2120670720000000.000000 0.387098 0.723327 1.000445 1.523641 5.203470 9.581299 19.200908 30.166169 
2125719936000000.000000 0.387098 0.723346 1.000453 1.523693 5.203330 9.575718 19.126200 30.007712 
2130769152000000.000000 0.387099 0.723325 1.000437 1.523760 5.201769 9.573310 19.160276 30.243688 
2135818368000000.000000 0.387098 0.723341 1.000466 1.523677 5.202633 9.544806 19.253413 29.973481 
2140867584000000.000000 0.387098 0.723326 1.000437 1.523784 5.202193 9.533341 19.288408 30.231580 
2145916800000000.000000 0.387099 0.723332 1.000469 1.523754 5.203045 9.515225 19.248758 30.044493 
2150966016000000.000000 0.387100 0.723324 1.000449 1.523697 5.202402 9.532132 19.193585 30.106373 
2156015232000000.000000 0.387098 0.723328 1.000464 1.523668 5.202041 9.563948 19.130277 30.191425 
2161064448000000.000000 0.387098 0.723323 1.000461 1.523607 5.202862 9.582239 19.164734 29.968659 
2166113664000000.000000 0.387098 0.723327 1.000453 1.523612 5.203373 9.589247 19.276175 30.287357 
2171162880000000.000000 0.387099 0.723322 1.000471 1.523614 5.202139 9.581071 19.310440 29.933402 
2176212096000000.000000 0.387098 0.723331 1.000441 1.523599 5.202189 9.558365 19.235369 30.260892 
2181261312000000.000000 0.387098 0.723324 1.000472 1.523662 5.203061 9.530164 19.161077 30.013907 
2186310528000000.000000 0.387099 0.723332 1.000439 1.523704 5.202679 9.522628 19.159641 30.133436 
2191359744000000.000000 0.387099 0.723327 1.000464 1.523750 5.202646 9.522474 19.194106 30.163560 
2196408960000000.000000 0.387098 0.723335 1.000443 1.523746 5.201998 9.544141 19.250807 29.991981 
2201458176000000.000000 0.387099 0.723336 1.000447 1.523693 5.202005 9.567041 19.311520 30.264665 
2206507392000000.000000 0.387098 0.723336 1.000451 1.523763 5.202969 9.580948 19.250297 29.946190 
2211556608000000.000000 0.387099 0.723325 1.000456 1.523697 5.204452 9.577469 19.134254 30.262512 
2216605824000000.000000 0.387099 0.723337 1.000444 1.523696 5.202127 9.582468 19.148864 29.993508 
2221655040000000.000000 0.387099 0.723324 1.000462 1.523676 5.201790 9.563372 19.254558 30.158694 
2226704256000000.000000 0.387098 0.723334 1.000443 1.523626 5.202309 9.540268 19.288948 30.128892 
2231753472000000.000000 0.387098 0.723323 1.000468 1.523599 5.203061 9.520328 19.259447 30.048128 
2236802688000000.000000 0.387098 0.723332 1.000444 1.523621 5.203135 9.518086 19.213383 30.204607 
2241851904000000.000000 0.387097 0.723327 1.000458 1.523624 5.202140 9.541282 19.155822 29.990694 
2246901120000000.000000 0.387099 0.723329 1.000455 1.523635 5.201724 9.566540 19.148075 30.236577 
2251950336000000.000000 0.387098 0.723327 1.000452 1.523645 5.202566 9.590185 19.258083 30.010247 
2256999552000000.000000 0.387099 0.723339 1.000456 1.523658 5.204687 9.581921 19.317810 30.148987 
2262048768000000.000000 0.387099 0.723327 1.000442 1.523679 5.201655 9.582885 19.238813 30.133954 
2267097984000000.000000 0.387099 0.723347 1.000453 1.523746 5.202492 9.546918 19.168701 30.052581 
2272147200000000.000000 0.387098 0.723326 1.000436 1.523800 5.202352 9.532698 19.154402 30.201901 
2277196416000000.000000 0.387097 0.723342 1.000468 1.523692 5.203095 9.518611 19.187207 29.993015 
2282245632000000.000000 0.387099 0.723326 1.000435 1.523690 5.202294 9.531737 19.246031 30.215050 
2287294848000000.000000 0.387100 0.723332 1.000471 1.523679 5.202204 9.547588 19.298089 30.066008 
2292344064000000.000000 0.387098 0.723325 1.000442 1.523615 5.201872 9.574724 19.264899 30.085864 
2297393280000000.000000 0.387097 0.723329 1.000468 1.523635 5.204048 9.584234 19.145018 30.180944 
2302442496000000.000000 0.387098 0.723325 1.000454 1.523633 5.203556 9.585030 19.124537 30.016674 
2307491712000000.000000 0.387098 0.723327 1.000456 1.523606 5.201391 9.576867 19.211268 30.228567 
2312540928000000.000000 0.387098 0.723325 1.000464 1.523661 5.202057 9.548154 19.283568 29.972466 
2317590144000000.000000 0.387098 0.723333 1.000440 1.523661 5.202813 9.526359 19.266945 30.222674 
2322639360000000.000000 0.387098 0.723323 1.000474 1.523662 5.203452 9.514414 19.212607 30.057212 
2327688576000000.000000 0.387098 0.723334 1.000440 1.523723 5.202635 9.529023 19.166388 30.104384 
2332737792000000.000000 0.387099 0.723330 1.000457 1.523727 5.202053 9.549424 19.154769 30.158913 
2337787008000000.000000 0.387098 0.723334 1.000446 1.523750 5.201501 9.578647 19.206884 30.002929 
2342836224000000.000000 0.387098 0.723342 1.000440 1.523721 5.203727 9.582753 19.314146 30.273317 
2347885440000000.000000 0.387100 0.723332 1.000458 1.523736 5.203842 9.582916 19.287437 29.925002 
2352934656000000.000000 0.387099 0.723333 1.000445 1.523664 5.202138 9.573318 19.167134 30.269575 
2357983872000000.000000 0.387098 0.723331 1.000453 1.523667 5.201985 9.552603 19.140512 29.997097 
2363033088000000.000000 0.387098 0.723326 1.000458 1.523689 5.202443 9.529490 19.198667 30.167032 
2368082304000000.000000 0.387099 0.723328 1.000449 1.523592 5.202661 9.521718 19.260952 30.119124 
2373131520000000.000000 0.387098 0.723326 1.000465 1.523587 5.202788 9.528198 19.276479 30.012671 
2378180736000000.000000 0.387097 0.723328 1.000451 1.523649 5.202528 9.546530 19.271183 30.269471 
2383229952000000.000000 0.387098 0.723327 1.000459 1.523631 5.201740 9.579044 19.193350 29.936987 
2388279168000000.000000 0.387099 0.723331 1.000448 1.523668 5.203304 9.586334 19.118311 30.268128 
2393328384000000.000000 0.387100 0.723327 1.000455 1.523662 5.203156 9.589201 19.199362 29.984692 
2398377600000000.000000 0.387098 0.723338 1.000450 1.523697 5.202051 9.571757 19.284689 30.192786 
2403426816000000.000000 0.387098 0.723327 1.000449 1.523757 5.202020 9.543043 19.292726 30.106678 
2408476032000000.000000 0.387098 0.723345 1.000451 1.523748 5.203169 9.515820 19.236177 30.035053 
2413525248000000.000000 0.387098 0.723326 1.000439 1.523756 5.202639 9.525257 19.173287 30.227364 
2418574464000000.000000 0.387098 0.723342 1.000466 1.523657 5.202591 9.540064 19.150694 29.981771 
2423623680000000.000000 0.387099 0.723327 1.000436 1.523654 5.201682 9.566324 19.190852 30.233207 
2428672896000000.000000 0.387098 0.723332 1.000468 1.523638 5.202373 9.577806 19.304157 30.019457 
2433722112000000.000000 0.387098 0.723326 1.000443 1.523615 5.204022 9.579415 19.288207 30.153779 
2438771328000000.000000 0.387098 0.723329 1.000459 1.523649 5.203141 9.578640 19.191425 30.126386 
2443820544000000.000000 0.387099 0.723324 1.000465 1.523635 5.201888 9.568685 19.137143 30.046787 
2448869760000000.000000 0.387100 0.723329 1.000443 1.523611 5.201963 9.543198 19.171199 30.200544 
2453918976000000.000000 0.387099 0.723323 1.000474 1.523667 5.202622 9.522602 19.239869 30.002326 
2458968192000000.000000 0.387098 0.723331 1.000442 1.523688 5.202856 9.521205 19.278330 30.216373 
2464017408000000.000000 0.387098 0.723323 1.000471 1.523658 5.203010 9.531018 19.273314 30.040157 
2469066624000000.000000 0.387099 0.723329 1.000446 1.523756 5.202061 9.560839 19.195519 30.113237 
2474115840000000.000000 0.387098 0.723326 1.000463 1.523752 5.202251 9.581560 19.111832 30.169229 
2479165056000000.000000 0.387098 0.723332 1.000453 1.523761 5.203452 9.589656 19.166929 29.999154 
2484214272000000.000000 0.387099 0.723341 1.000438 1.523709 5.202972 9.578833 19.276405 30.257497 
2489263488000000.000000 0.387100 0.723331 1.000462 1.523657 5.201900 9.564566 19.299996 29.953278 
2494312704000000.000000 0.387098 0.723337 1.000441 1.523617 5.202680 9.531828 19.230208 30.243603 
2499361920000000.000000 0.387097 0.723333 1.000456 1.523613 5.202705 9.520333 19.176838 30.030395 
2504411136000000.000000 0.387099 0.723325 1.000454 1.523621 5.202570 9.526053 19.158478 30.108305 
2509460352000000.000000 0.387098 0.723330 1.000452 1.523619 5.202049 9.547280 19.166355 30.181530 
2514509568000000.000000 0.387098 0.723322 1.000464 1.523648 5.202239 9.566889 19.256115 29.989522 
2519558784000000.000000 0.387099 0.723332 1.000446 1.523693 5.203146 9.576777 19.319733 30.270084 
2524608000000000.000000 0.387100 0.723324 1.000463 1.523670 5.203339 9.582782 19.240611 29.935109 
2529657216000000.000000 0.387098 0.723329 1.000449 1.523687 5.202625 9.573885 19.132926 30.270395 
2534706432000000.000000 0.387098 0.723329 1.000454 1.523773 5.201596 9.563613 19.160330 29.992181 
2539755648000000.000000 0.387098 0.723334 1.000456 1.523693 5.202812 9.530095 19.243841 30.160681 
2544804864000000.000000 0.387098 0.723331 1.000437 1.523746 5.202693 9.520363 19.270472 30.138672 
2549854080000000.000000 0.387098 0.723342 1.000461 1.523722 5.202745 9.526048 19.284799 30.023348 
2554903296000000.000000 0.387098 0.723331 1.000429 1.523732 5.202036 9.554615 19.233624 30.251333 
2559952512000000.000000 0.387099 0.723335 1.000474 1.523658 5.202469 9.575712 19.138825 29.939478 
2565001728000000.000000 0.387098 0.723328 1.000435 1.523603 5.203086 9.588074 19.139622 30.280637 
2570050944000000.000000 0.387098 0.723329 1.000464 1.523622 5.202989 9.582273 19.259604 29.981517 
2575100160000000.000000 0.387099 0.723325 1.000456 1.523610 5.202335 9.569188 19.308767 30.176412 
2580149376000000.000000 0.387099 0.723327 1.000447 1.523615 5.202512 9.546044 19.253506 30.107808 
2585198592000000.000000 0.387098 0.723325 1.000471 1.523610 5.202678 9.526999 19.188989 30.061370 
2590247808000000.000000 0.387098 0.723328 1.000440 1.523609 5.202488 9.521947 19.158935 30.207758 
2595297024000000.000000 0.387097 0.723329 1.000473 1.523727 5.202307 9.532146 19.164014 29.983976 
2600346240000000.000000 0.387098 0.723328 1.000437 1.523781 5.201995 9.558332 19.235386 30.231446 
2605395456000000.000000 0.387099 0.723338 1.000461 1.523685 5.202945 9.571804 19.314251 30.037044 
2610444672000000.000000 0.387098 0.723328 1.000443 1.523789 5.203625 9.583253 19.280425 30.132628 
2615493888000000.000000 0.387097 0.723350 1.000440 1.523727 5.202697 9.582157 19.158446 30.127494 
2620543104000000.000000 0.387098 0.723330 1.000449 1.523693 5.201701 9.572911 19.126753 30.053088 
2625592320000000.000000 0.387100 0.723342 1.000443 1.523672 5.202636 9.541870 19.197058 30.207306 
2630641536000000.000000 0.387099 0.723329 1.000460 1.523635 5.202631 9.526753 19.267314 29.992436 
2635690752000000.000000 0.387098 0.723326 1.000455 1.523596 5.203172 9.515697 19.276082 30.203503 
2640739968000000.000000 0.387098 0.723329 1.000455 1.523621 5.202314 9.534312 19.232144 30.067072 
2645789184000000.000000 0.387099 0.723325 1.000456 1.523636 5.201698 9.565438 19.168865 30.108009 
2650838400000000.000000 0.387098 0.723325 1.000457 1.523613 5.202599 9.580533 19.131230 30.152507 
2655887616000000.000000 0.387098 0.723329 1.000461 1.523656 5.203583 9.585522 19.194597 30.012742 
2660936832000000.000000 0.387099 0.723326 1.000453 1.523683 5.202853 9.574908 19.300808 30.257808 
2665986048000000.000000 0.387099 0.723330 1.000454 1.523706 5.201855 9.562041 19.288368 29.950902 
2671035264000000.000000 0.387097 0.723327 1.000454 1.523726 5.202685 9.533803 19.199522 30.238754 
2676084480000000.000000 0.387098 0.723330 1.000456 1.523788 5.202255 9.528146 19.156292 30.033211 
2681133696000000.000000 0.387100 0.723329 1.000454 1.523707 5.203096 9.519013 19.159045 30.133703 
2686182912000000.000000 0.387099 0.723331 1.000442 1.523702 5.202153 9.544140 19.213223 30.164367 
2691232128000000.000000 0.387098 0.723339 1.000458 1.523691 5.201926 9.573592 19.285055 29.968443 
2696281344000000.000000 0.387098 0.723332 1.000433 1.523589 5.203629 9.584136 19.304590 30.299682 
2701330560000000.000000 0.387099 0.723338 1.000466 1.523600 5.203309 9.588567 19.200011 29.922485 
2706379776000000.000000 0.387099 0.723329 1.000435 1.523628 5.201756 9.579489 19.126354 30.267332 
2711428992000000.000000 0.387098 0.723328 1.000471 1.523629 5.202043 9.551115 19.185769 29.999487 
2716478208000000.000000 0.387098 0.723328 1.000442 1.523648 5.202942 9.525457 19.247511 30.165222 
2721527424000000.000000 0.387098 0.723325 1.000465 1.523645 5.203084 9.518692 19.275046 30.135541 
2726576640000000.000000 0.387099 0.723328 1.000460 1.523668 5.202813 9.526509 19.281588 30.007022 
2731625856000000.000000 0.387098 0.723325 1.000450 1.523722 5.201654 9.554464 19.206274 30.250746 
2736675072000000.000000 0.387098 0.723329 1.000464 1.523739 5.201810 9.575008 19.135005 29.957195 
2741724288000000.000000 0.387099 0.723327 1.000442 1.523775 5.203782 9.582116 19.167188 30.262590 
2746773504000000.000000 0.387098 0.723331 1.000467 1.523692 5.203919 9.579279 19.298963 29.982429 
2751822720000000.000000 0.387098 0.723329 1.000442 1.523732 5.201839 9.575982 19.299779 30.173814 
2756871936000000.000000 0.387098 0.723340 1.000450 1.523672 5.201959 9.551774 19.215008 30.110779 
2761921152000000.000000 0.387101 0.723332 1.000447 1.523633 5.202404 9.532506 19.174178 30.052655 
2766970368000000.000000 0.387098 0.723331 1.000451 1.523694 5.203054 9.519130 19.155659 30.202244 
2772019584000000.000000 0.387098 0.723330 1.000461 1.523629 5.202926 9.523775 19.194251 29.993393 
2777068800000000.000000 0.387098 0.723326 1.000450 1.523614 5.202043 9.550551 19.265949 30.226180 
2782118016000000.000000 0.387099 0.723324 1.000463 1.523628 5.201833 9.577623 19.308972 30.028223 
2787167232000000.000000 0.387099 0.723327 1.000453 1.523637 5.204236 9.588808 19.233217 30.117528 
2792216448000000.000000 0.387099 0.723325 1.000459 1.523659 5.202702 9.584936 19.124213 30.155339 
2797265664000000.000000 0.387098 0.723328 1.000456 1.523713 5.201589 9.566512 19.153855 30.034781 
2802314880000000.000000 0.387098 0.723323 1.000458 1.523730 5.202941 9.529414 19.229852 30.215314 
2807364096000000.000000 0.387099 0.723328 1.000459 1.523759 5.202738 9.522154 19.269575 29.990447 
2812413312000000.000000 0.387098 0.723324 1.000454 1.523728 5.202779 9.523949 19.276426 30.200505 
2817462528000000.000000 0.387097 0.723331 1.000458 1.523742 5.202041 9.544486 19.225102 30.075579 
2822511744000000.000000 0.387100 0.723330 1.000454 1.523656 5.202031 9.565326 19.148101 30.076412 
2827560960000000.000000 0.387099 0.723331 1.000448 1.523651 5.202638 9.581107 19.136097 30.191935 
2832610176000000.000000 0.387098 0.723341 1.000451 1.523662 5.204623 9.578404 19.223771 29.999993 
2837659392000000.000000 0.387098 0.723330 1.000439 1.523606 5.202298 9.581747 19.310590 30.256821 
2842708608000000.000000 0.387099 0.723326 1.000473 1.523620 5.201678 9.564407 19.253284 29.959867 
2847757824000000.000000 0.387098 0.723333 1.000437 1.523633 5.202488 9.535910 19.171818 30.227610 
2852807040000000.000000 0.387098 0.723323 1.000468 1.523642 5.202718 9.521790 19.156028 30.056009 
2857856256000000.000000 0.387098 0.723330 1.000448 1.523646 5.203208 9.517818 19.186995 30.107580 
2862905472000000.000000 0.387098 0.723327 1.000454 1.523674 5.202405 9.541803 19.245381 30.172603 
2867954688000000.000000 0.387099 0.723327 1.000461 1.523678 5.201953 9.568505 19.305287 29.992431 
2873003904000000.000000 0.387098 0.723330 1.000438 1.523717 5.202167 9.588783 19.268439 30.280369 
2878053120000000.000000 0.387098 0.723328 1.000474 1.523752 5.204430 9.581160 19.149013 29.927814 
2883102336000000.000000 0.387099 0.723334 1.000427 1.523816 5.202292 9.581973 19.135513 30.272143 
2888151552000000.000000 0.387100 0.723337 1.000469 1.523720 5.202236 9.554624 19.221104 30.006342 
2893200768000000.000000 0.387098 0.723330 1.000435 1.523662 5.202643 9.529162 19.276971 30.152434 
2898249984000000.000000 0.387098 0.723334 1.000459 1.523677 5.202304 9.524423 19.273694 30.141816 
2903299200000000.000000 0.387098 0.723327 1.000452 1.523656 5.202750 9.526478 19.244669 30.014417 
2908348416000000.000000 0.387099 0.723329 1.000453 1.523658 5.202122 9.552376 19.175911 30.257896 
2913397632000000.000000 0.387099 0.723325 1.000466 1.523595 5.202656 9.566020 19.130226 29.953598 
2918446848000000.000000 0.387098 0.723326 1.000452 1.523578 5.202592 9.588325 19.214719 30.243612 
2923496064000000.000000 0.387099 0.723322 1.000466 1.523678 5.203959 9.578862 19.303036 30.026292 
2928545280000000.000000 0.387099 0.723327 1.000451 1.523692 5.201523 9.579282 19.296701 30.150256 
2933594496000000.000000 0.387098 0.723321 1.000469 1.523676 5.202317 9.541873 19.202071 30.123290 
2938643712000000.000000 0.387098 0.723328 1.000454 1.523756 5.202885 9.521177 19.154240 30.048809 
2943692928000000.000000 0.387099 0.723323 1.000460 1.523715 5.202860 9.521099 19.169238 30.215436 
2948742144000000.000000 0.387097 0.723329 1.000458 1.523732 5.202636 9.535547 19.218487 29.990993 
2953791360000000.000000 0.387099 0.723325 1.000454 1.523718 5.201822 9.564078 19.303777 30.205389 
2958840576000000.000000 0.387098 0.723330 1.000461 1.523737 5.202238 9.579634 19.267836 30.060198 
2963889792000000.000000 0.387098 0.723342 1.000440 1.523674 5.203647 9.583458 19.173544 30.128275 
2968939008000000.000000 0.387099 0.723334 1.000444 1.523633 5.203436 9.575491 19.124121 30.141508 
2973988224000000.000000 0.387099 0.723328 1.000465 1.523657 5.201861 9.567066 19.186495 30.024646 
2979037440000000.000000 0.387098 0.723329 1.000442 1.523590 5.202228 9.541397 19.272422 30.235393 
2984086656000000.000000 0.387098 0.723327 1.000469 1.523597 5.202538 9.525198 19.278950 29.982943 
2989135872000000.000000 0.387099 0.723329 1.000443 1.523641 5.202837 9.520271 19.248328 30.199425 
2994185088000000.000000 0.387099 0.723328 1.000463 1.523650 5.202328 9.538250 19.182829 30.074968 
2999234304000000.000000 0.387099 0.723328 1.000447 1.523715 5.202419 9.558878 19.118579 30.093916 
3004283520000000.000000 0.387097 0.723328 1.000462 1.523764 5.202650 9.581489 19.176994 30.188381 
3009332736000000.000000 0.387098 0.723328 1.000452 1.523720 5.203505 9.587816 19.288738 29.963519 
3014381952000000.000000 0.387098 0.723327 1.000448 1.523785 5.202484 9.581108 19.308265 30.284307 
3019431168000000.000000 0.387099 0.723328 1.000467 1.523724 5.201931 9.561128 19.206322 29.956016 
3024480384000000.000000 0.387098 0.723328 1.000436 1.523648 5.202607 9.534911 19.147663 30.225052 
3029529600000000.000000 0.387099 0.723337 1.000472 1.523625 5.202965 9.518675 19.177005 30.049608 
3034578816000000.000000 0.387100 0.723327 1.000436 1.523619 5.202915 9.522123 19.201958 30.099506 
3039628032000000.000000 0.387098 0.723345 1.000453 1.523643 5.201450 9.555605 19.263715 30.195472 
3044677248000000.000000 0.387097 0.723326 1.000445 1.523608 5.202494 9.567203 19.316238 29.957276 
3049726464000000.000000 0.387097 0.723331 1.000463 1.523620 5.202969 9.583781 19.214771 30.285970 
3054775680000000.000000 0.387098 0.723324 1.000462 1.523635 5.203866 9.575631 19.121594 29.938915 
3059824896000000.000000 0.387100 0.723326 1.000456 1.523637 5.202036 9.576023 19.168660 30.259220 
3064874112000000.000000 0.387098 0.723325 1.000460 1.523715 5.202126 9.553269 19.282045 30.002372 
3069923328000000.000000 0.387098 0.723328 1.000451 1.523775 5.202319 9.534320 19.286503 30.132995 
3074972544000000.000000 0.387098 0.723325 1.000467 1.523736 5.202850 9.518549 19.249667 30.169567 
3080021760000000.000000 0.387099 0.723328 1.000449 1.523764 5.202795 9.525546 19.211097 29.994598 
3085070976000000.000000 0.387098 0.723326 1.000457 1.523695 5.201909 9.556715 19.139170 30.258498 
3090120192000000.000000 0.387098 0.723334 1.000452 1.523705 5.202549 9.575418 19.161397 29.948287 
3095169408000000.000000 0.387098 0.723337 1.000438 1.523731 5.203414 9.588625 19.276200 30.255901 
3100218624000000.000000 0.387099 0.723332 1.000462 1.523633 5.202762 9.585588 19.314014 30.017310 
3105267840000000.000000 0.387099 0.723340 1.000436 1.523597 5.202012 9.569738 19.241613 30.120504 
3110317056000000.000000 0.387099 0.723332 1.000455 1.523616 5.202803 9.538372 19.153972 30.159432 
3115366272000000.000000 0.387099 0.723331 1.000448 1.523632 5.202641 9.524729 19.154935 30.025854 
3120415488000000.000000 0.387098 0.723330 1.000451 1.523660 5.202794 9.519651 19.198154 30.221989 
3125464704000000.000000 0.387098 0.723329 1.000458 1.523683 5.202219 9.537071 19.261369 29.989808 
3130513920000000.000000 0.387098 0.723330 1.000448 1.523700 5.201922 9.560966 19.305379 30.200877 
3135563136000000.000000 0.387097 0.723327 1.000463 1.523736 5.202443 9.577456 19.236601 30.080090 
3140612352000000.000000 0.387099 0.723328 1.000445 1.523719 5.204201 9.577879 19.139309 30.088220 
3145661568000000.000000 0.387098 0.723326 1.000467 1.523780 5.202820 9.581013 19.140442 30.168424 
3150710784000000.000000 0.387098 0.723329 1.000451 1.523692 5.201769 9.570909 19.226169 30.022926 
3155760000000000.000000 0.387099 0.723326 1.000451 1.523699 5.202235 9.546067 19.295736 30.233032 
3160809216000000.000000 0.387099 0.723331 1.000465 1.523689 5.202512 9.527451 19.252104 29.990530 
3165858432000000.000000 0.387098 0.723327 1.000436 1.523634 5.203243 9.515452 19.200331 30.189562 
3170907648000000.000000 0.387098 0.723345 1.000465 1.523645 5.202433 9.534825 19.146589 30.095812 
3175956864000000.000000 0.387099 0.723329 1.000433 1.523614 5.202083 9.560089 19.151725 30.073467 
3181006080000000.000000 0.387098 0.723331 1.000469 1.523616 5.202138 9.588771 19.247255 30.195505 
3186055296000000.000000 0.387098 0.723331 1.000436 1.523642 5.204076 9.583561 19.313562 29.978287 
3191104512000000.000000 0.387097 0.723330 1.000466 1.523665 5.202029 9.583274 19.260186 30.279239 
3196153728000000.000000 0.387098 0.723330 1.000442 1.523678 5.202493 9.552119 19.160241 29.955982 
3201202944000000.000000 0.387098 0.723328 1.000455 1.523676 5.202481 9.533896 19.155325 30.217418 
3206252160000000.000000 0.387099 0.723326 1.000461 1.523757 5.202600 9.522113 19.193101 30.073381 
3211301376000000.000000 0.387098 0.723331 1.000442 1.523807 5.202623 9.525870 19.244103 30.085663 
3216350592000000.000000 0.387099 0.723324 1.000473 1.523699 5.202193 9.547125 19.289003 30.205535 
3221399808000000.000000 0.387100 0.723331 1.000441 1.523701 5.202070 9.569300 19.271186 29.962123 
3226449024000000.000000 0.387099 0.723327 1.000463 1.523690 5.203250 9.583925 19.163442 30.286724 
3231498240000000.000000 0.387097 0.723333 1.000450 1.523671 5.204255 9.581682 19.125209 29.941374 
3236547456000000.000000 0.387098 0.723336 1.000445 1.523685 5.201639 9.582545 19.222077 30.240543 
3241596672000000.000000 0.387100 0.723330 1.000459 1.523622 5.202028 9.555418 19.291949 30.033414 
3246645888000000.000000 0.387098 0.723343 1.000438 1.523587 5.202543 9.532656 19.275084 30.139358 
3251695104000000.000000 0.387097 0.723331 1.000454 1.523654 5.203378 9.514713 19.228790 30.147158 
3256744320000000.000000 0.387099 0.723334 1.000449 1.523667 5.202740 9.525388 19.169673 30.017455 
3261793536000000.000000 0.387100 0.723330 1.000449 1.523686 5.202159 9.545731 19.149969 30.241605 
3266842752000000.000000 0.387098 0.723330 1.000457 1.523732 5.201582 9.573689 19.218904 29.969040 
3271891968000000.000000 0.387098 0.723330 1.000445 1.523709 5.203153 9.584747 19.314440 30.233903 
3276941184000000.000000 0.387099 0.723324 1.000467 1.523725 5.204292 9.581098 19.273851 30.026958 
3281990400000000.000000 0.387099 0.723328 1.000449 1.523732 5.201927 9.576912 19.171267 30.155134 
3287039616000000.000000 0.387099 0.723327 1.000460 1.523796 5.202326 9.552240 19.139836 30.123066 
3292088832000000.000000 0.387098 0.723329 1.000457 1.523695 5.202300 9.535073 19.183617 30.032163 
3297138048000000.000000 0.387098 0.723329 1.000440 1.523665 5.202889 9.519315 19.248142 30.224795 
3302187264000000.000000 0.387099 0.723330 1.000470 1.523679 5.202380 9.528890 19.274650 29.996175 
3307236480000000.000000 0.387098 0.723332 1.000427 1.523612 5.202775 9.540522 19.275414 30.194905 
3312285696000000.000000 0.387098 0.723333 1.000473 1.523611 5.201691 9.578655 19.200189 30.067888 
3317334912000000.000000 0.387099 0.723331 1.000429 1.523650 5.204029 9.583796 19.103152 30.102775 
3322384128000000.000000 0.387099 0.723340 1.000468 1.523625 5.202722 9.590189 19.173775 30.168370 
3327433344000000.000000 0.387098 0.723332 1.000429 1.523684 5.201730 9.568818 19.278406 30.000909 
3332482560000000.000000 0.387097 0.723334 1.000473 1.523732 5.202411 9.541055 19.287864 30.236213 
3337531776000000.000000 0.387098 0.723328 1.000439 1.523726 5.203070 9.519329 19.228165 30.005393 
3342580992000000.000000 0.387099 0.723329 1.000460 1.523764 5.202892 9.520313 19.174079 30.178393 
3347630208000000.000000 0.387098 0.723326 1.000455 1.523717 5.202261 9.538130 19.159243 30.083143 
3352679424000000.000000 0.387098 0.723329 1.000452 1.523710 5.201967 9.560335 19.172301 30.074373 
3357728640000000.000000 0.387098 0.723323 1.000472 1.523672 5.202062 9.580935 19.264033 30.208438 
3362777856000000.000000 0.387098 0.723329 1.000447 1.523686 5.204284 9.577942 19.316264 29.962773 
3367827072000000.000000 0.387098 0.723323 1.000462 1.523670 5.203150 9.581084 19.213227 30.274857 
3372876288000000.000000 0.387098 0.723329 1.000453 1.523618 5.201934 9.570386 19.135526 29.953436 
3377925504000000.000000 0.387099 0.723326 1.000457 1.523644 5.201930 9.547783 19.164804 30.241897 
3382974720000000.000000 0.387100 0.723331 1.000456 1.523641 5.202698 9.523938 19.245787 30.030801 
3388023936000000.000000 0.387100 0.723335 1.000444 1.523587 5.202787 9.521039 19.277774 30.104651 
3393073152000000.000000 0.387096 0.723333 1.000456 1.523664 5.202966 9.529033 19.277667 30.201160 
3398122368000000.000000 0.387098 0.723337 1.000445 1.523706 5.202097 9.557131 19.225763 29.968461 
3403171584000000.000000 0.387099 0.723331 1.000453 1.523732 5.202038 9.581592 19.130674 30.285566 
3408220800000000.000000 0.387098 0.723324 1.000458 1.523786 5.203450 9.589727 19.155106 29.923842 
3413270016000000.000000 0.387097 0.723331 1.000447 1.523728 5.203091 9.583197 19.264081 30.281844 
3418319232000000.000000 0.387099 0.723325 1.000465 1.523751 5.201832 9.568058 19.296188 30.005642 
3423368448000000.000000 0.387098 0.723329 1.000445 1.523734 5.202324 9.535325 19.264758 30.125145 
3428417664000000.000000 0.387099 0.723327 1.000467 1.523696 5.203194 9.515864 19.198340 30.161457 
3433466880000000.000000 0.387097 0.723327 1.000453 1.523622 5.202243 9.531227 19.152578 30.010516 
3438516096000000.000000 0.387098 0.723329 1.000450 1.523609 5.202502 9.541246 19.160484 30.247849 
3443565312000000.000000 0.387099 0.723326 1.000463 1.523623 5.201640 9.569749 19.251965 29.961087 
3448614528000000.000000 0.387100 0.723331 1.000440 1.523646 5.203280 9.574820 19.322927 30.231861 
3453663744000000.000000 0.387097 0.723332 1.000467 1.523666 5.203694 9.583554 19.253800 30.047183 
3458712960000000.000000 0.387098 0.723330 1.000434 1.523689 5.202468 9.574670 19.160993 30.124623 
3463762176000000.000000 0.387099 0.723339 1.000461 1.523682 5.201472 9.562304 19.143634 30.131186 
3468811392000000.000000 0.387099 0.723329 1.000432 1.523694 5.202499 9.530913 19.202361 30.042715 
3473860608000000.000000 0.387099 0.723338 1.000472 1.523779 5.203099 9.517349 19.262179 30.220580 
3478909824000000.000000 0.387097 0.723327 1.000440 1.523723 5.202796 9.525918 19.283002 29.993616 
3483959040000000.000000 0.387098 0.723327 1.000462 1.523773 5.202299 9.546170 19.241272 30.183838 
3489008256000000.000000 0.387099 0.723324 1.000461 1.523702 5.201892 9.574033 19.156915 30.080602 
3494057472000000.000000 0.387098 0.723328 1.000448 1.523696 5.203055 9.585884 19.117920 30.103077 
3499106688000000.000000 0.387099 0.723324 1.000474 1.523669 5.203290 9.585602 19.213938 30.164968 
3504155904000000.000000 0.387099 0.723329 1.000445 1.523600 5.202600 9.569322 19.306059 29.999318 
3509205120000000.000000 0.387100 0.723326 1.000464 1.523577 5.202084 9.551481 19.276643 30.253557 
3514254336000000.000000 0.387099 0.723329 1.000448 1.523614 5.202698 9.526544 19.199210 29.984555 
3519303552000000.000000 0.387098 0.723327 1.000458 1.523652 5.202610 9.521660 19.160369 30.181059 
3524352768000000.000000 0.387097 0.723331 1.000445 1.523686 5.202413 9.532013 19.155036 30.091620 
3529401984000000.000000 0.387098 0.723339 1.000449 1.523679 5.202007 9.555160 19.201174 30.078972 
3534451200000000.000000 0.387100 0.723333 1.000451 1.523727 5.202733 9.570894 19.293568 30.208917 
3539500416000000.000000 0.387098 0.723336 1.000442 1.523796 5.203489 9.581892 19.299639 29.949750 
3544549632000000.000000 0.387098 0.723332 1.000459 1.523702 5.202906 9.583615 19.181137 30.288730 
3549598848000000.000000 0.387099 0.723328 1.000450 1.523752 5.202000 9.574821 19.125715 29.951645 
3554648064000000.000000 0.387099 0.723329 1.000454 1.523704 5.202207 9.548818 19.191956 30.229171 
3559697280000000.000000 0.387098 0.723328 1.000455 1.523656 5.202806 9.524584 19.257707 30.038687 
3564746496000000.000000 0.387098 0.723327 1.000451 1.523673 5.202703 9.520676 19.268860 30.118055 
3569795712000000.000000 0.387098 0.723330 1.000461 1.523641 5.202783 9.531593 19.280595 30.187551 
3574844928000000.000000 0.387099 0.723326 1.000452 1.523603 5.201487 9.569490 19.197139 29.966233 
3579894144000000.000000 0.387098 0.723328 1.000456 1.523621 5.202959 9.576359 19.121776 30.280368 
3584943360000000.000000 0.387098 0.723326 1.000455 1.523637 5.203231 9.586672 19.184338 29.945043 
3589992576000000.000000 0.387099 0.723327 1.000454 1.523692 5.202928 9.574905 19.301952 30.257230 
3595041792000000.000000 0.387099 0.723330 1.000461 1.523780 5.202290 9.561568 19.298283 30.004148 
3600091008000000.000000 0.387099 0.723329 1.000439 1.523727 5.202388 9.537656 19.215104 30.142536 
3605140224000000.000000 0.387098 0.723344 1.000461 1.523727 5.202315 9.525021 19.176771 30.155067 
3610189440000000.000000 0.387098 0.723330 1.000428 1.523743 5.202680 9.522239 19.155237 30.004241 
3615238656000000.000000 0.387099 0.723334 1.000478 1.523802 5.202560 9.538576 19.191809 30.248209 
3620287872000000.000000 0.387098 0.723330 1.000429 1.523691 5.202005 9.569176 19.274184 29.969859 
3625337088000000.000000 0.387097 0.723330 1.000472 1.523615 5.203179 9.580616 19.308893 30.232802 
3630386304000000.000000 0.387099 0.723328 1.000439 1.523616 5.203275 9.588204 19.237488 30.035421 
3635435520000000.000000 0.387099 0.723328 1.000466 1.523608 5.202155 9.579487 19.125874 30.119675 
3640484736000000.000000 0.387098 0.723326 1.000452 1.523633 5.202061 9.556537 19.154503 30.154635 
3645533952000000.000000 0.387098 0.723327 1.000458 1.523674 5.202947 9.527247 19.236350 30.023297 
3650583168000000.000000 0.387099 0.723323 1.000464 1.523641 5.202822 9.520048 19.277277 30.216352 
3655632384000000.000000 0.387099 0.723329 1.000446 1.523645 5.202887 9.523315 19.270385 30.010659 
3660681600000000.000000 0.387099 0.723324 1.000473 1.523721 5.201958 9.549143 19.203207 30.182568 
3665730816000000.000000 0.387097 0.723330 1.000443 1.523726 5.201733 9.574004 19.142341 30.079843 
3670780032000000.000000 0.387098 0.723324 1.000465 1.523774 5.203384 9.581009 19.150580 30.089662 
3675829248000000.000000 0.387099 0.723333 1.000450 1.523720 5.203707 9.580481 19.250098 30.186807 
3680878464000000.000000 0.387098 0.723333 1.000447 1.523724 5.202276 9.575509 19.313074 29.989871 
3685927680000000.000000 0.387098 0.723332 1.000457 1.523685 5.201862 9.558120 19.229987 30.250827 
3690976896000000.000000 0.387098 0.723339 1.000440 1.523676 5.202474 9.535320 19.169115 29.980832 
3696026112000000.000000 0.387099 0.723333 1.000453 1.523650 5.202621 9.523639 19.147603 30.207172 
3701075328000000.000000 0.387098 0.723337 1.000445 1.523576 5.203138 9.519767 19.185285 30.075874 
3706124544000000.000000 0.387098 0.723332 1.000449 1.523646 5.201818 9.552708 19.262040 30.063011 
3711173760000000.000000 0.387099 0.723328 1.000452 1.523662 5.202178 9.578803 19.307243 30.234323 
3716222976000000.000000 0.387099 0.723332 1.000448 1.523610 5.204173 9.588354 19.249871 29.943827 
3721272192000000.000000 0.387098 0.723324 1.000465 1.523697 5.202522 9.586835 19.132533 30.290770 
3726321408000000.000000 0.387097 0.723332 1.000442 1.523754 5.201599 9.570283 19.157956 29.945558 
3731370624000000.000000 0.387099 0.723324 1.000471 1.523708 5.202703 9.536531 19.227047 30.234212 
3736419840000000.000000 0.387098 0.723332 1.000444 1.523783 5.203119 9.520325 19.261471 30.061167 
3741469056000000.000000 0.387098 0.723324 1.000460 1.523735 5.202609 9.523658 19.280199 30.073409 
3746518272000000.000000 0.387097 0.723331 1.000452 1.523669 5.202163 9.538422 19.245277 30.207631 
3751567488000000.000000 0.387099 0.723325 1.000450 1.523670 5.201823 9.562839 19.156416 29.969706 
3756616704000000.000000 0.387098 0.723336 1.000463 1.523667 5.202547 9.578666 19.135055 30.279214 
3761665920000000.000000 0.387098 0.723327 1.000439 1.523649 5.204689 9.578855 19.244067 29.939618 
3766715136000000.000000 0.387098 0.723346 1.000455 1.523610 5.202650 9.581691 19.321785 30.237373 
3771764352000000.000000 0.387098 0.723326 1.000439 1.523620 5.201539 9.569659 19.254878 30.042297 
3776813568000000.000000 0.387099 0.723342 1.000461 1.523636 5.202395 9.540911 19.181797 30.122640 
3781862784000000.000000 0.387098 0.723326 1.000442 1.523682 5.202803 9.523941 19.159666 30.145172 
3786912000000000.000000 0.387099 0.723332 1.000460 1.523713 5.203199 9.516089 19.186568 30.020683 
3791961216000000.000000 0.387098 0.723325 1.000455 1.523710 5.202547 9.533061 19.245507 30.241464 
3797010432000000.000000 0.387099 0.723331 1.000451 1.523680 5.202019 9.560325 19.298038 29.975484 
3802059648000000.000000 0.387097 0.723324 1.000468 1.523761 5.201896 9.585779 19.258823 30.201915 
3807108864000000.000000 0.387098 0.723331 1.000442 1.523743 5.204624 9.583138 19.157479 30.055847 
3812158080000000.000000 0.387099 0.723321 1.000469 1.523735 5.202487 9.584227 19.118533 30.128573 
3817207296000000.000000 0.387099 0.723334 1.000442 1.523696 5.201849 9.561384 19.213322 30.149191 
3822256512000000.000000 0.387099 0.723323 1.000466 1.523595 5.202907 9.529465 19.283086 30.008931 
3827305728000000.000000 0.387099 0.723333 1.000446 1.523593 5.202300 9.526167 19.275107 30.234978 
3832354944000000.000000 0.387099 0.723322 1.000464 1.523647 5.202964 9.521949 19.235027 30.011502 
3837404160000000.000000 0.387098 0.723334 1.000450 1.523632 5.201961 9.548672 19.170992 30.157431 
3842453376000000.000000 0.387099 0.723330 1.000448 1.523642 5.202364 9.566979 19.132244 30.108225 
3847502592000000.000000 0.387098 0.723333 1.000456 1.523669 5.202862 9.585737 19.192306 30.072027 
3852551808000000.000000 0.387099 0.723338 1.000441 1.523709 5.203957 9.582305 19.301856 30.206857 
3857601024000000.000000 0.387099 0.723335 1.000448 1.523738 5.201732 9.580463 19.285887 29.970254 
3862650240000000.000000 0.387097 0.723330 1.000457 1.523727 5.201862 9.550460 19.183015 30.245009 
3867699456000000.000000 0.387098 0.723332 1.000447 1.523769 5.202833 9.524679 19.153483 30.011595 
3872748672000000.000000 0.387099 0.723325 1.000470 1.523683 5.202994 9.519305 19.178336 30.168304 
3877797888000000.000000 0.387098 0.723331 1.000440 1.523680 5.203007 9.527093 19.221551 30.093607 
3882847104000000.000000 0.387098 0.723324 1.000469 1.523674 5.201741 9.557770 19.286631 30.069201 
3887896320000000.000000 0.387098 0.723327 1.000447 1.523601 5.201912 9.577149 19.291032 30.223543 
3892945536000000.000000 0.387100 0.723324 1.000466 1.523633 5.203315 9.585626 19.176911 29.947368 
3897994752000000.000000 0.387099 0.723328 1.000460 1.523619 5.204044 9.577362 19.119467 30.283195 
3903043968000000.000000 0.387098 0.723325 1.000451 1.523621 5.201924 9.573421 19.203491 29.958789 
3908093184000000.000000 0.387098 0.723327 1.000470 1.523647 5.202049 9.546307 19.287962 30.227533 
3913142400000000.000000 0.387099 0.723324 1.000441 1.523656 5.202547 9.526513 19.278911 30.047542 
3918191616000000.000000 0.387099 0.723330 1.000477 1.523697 5.202717 9.522097 19.244787 30.085422 
3923240832000000.000000 0.387098 0.723328 1.000433 1.523801 5.202653 9.531541 19.185113 30.211850 
3928290048000000.000000 0.387098 0.723338 1.000468 1.523764 5.202267 9.553361 19.136439 29.959742 
3933339264000000.000000 0.387099 0.723327 1.000436 1.523735 5.202393 9.575403 19.189475 30.278732 
3938388480000000.000000 0.387099 0.723339 1.000460 1.523676 5.203294 9.589242 19.292732 29.951067 
3943437696000000.000000 0.387098 0.723328 1.000447 1.523694 5.203226 9.581419 19.307710 30.245073 
3948486912000000.000000 0.387097 0.723331 1.000457 1.523679 5.201515 9.570837 19.223734 30.036436 
3953536128000000.000000 0.387098 0.723329 1.000448 1.523624 5.202675 9.533646 19.153936 30.108203 
3958585344000000.000000 0.387098 0.723331 1.000450 1.523625 5.202752 9.521000 19.165105 30.175368 
3963634560000000.000000 0.387098 0.723328 1.000461 1.523614 5.203010 9.521852 19.202958 30.000026 
3968683776000000.000000 0.387098 0.723326 1.000451 1.523608 5.201815 9.549669 19.283336 30.237748 
3973732992000000.000000 0.387099 0.723326 1.000461 1.523699 5.202138 9.567835 19.296808 29.991091 
3978782208000000.000000 0.387099 0.723330 1.000450 1.523732 5.202872 9.580393 19.201761 30.206982 
3983831424000000.000000 0.387099 0.723327 1.000456 1.523671 5.203565 9.580400 19.128223 30.066572 
3988880640000000.000000 0.387097 0.723330 1.000458 1.523744 5.202763 9.570975 19.159516 30.100278 
3993929856000000.000000 0.387097 0.723332 1.000444 1.523715 5.201709 9.560852 19.249407 30.176527 
3998979072000000.000000 0.387099 0.723330 1.000457 1.523762 5.202409 9.534096 19.286237 30.002761 
4004028288000000.000000 0.387098 0.723337 1.000441 1.523743 5.202614 9.520770 19.247592 30.228598 
4009077504000000.000000 0.387097 0.723331 1.000460 1.523697 5.202953 9.522224 19.205807 30.010833 
4014126720000000.000000 0.387098 0.723343 1.000440 1.523638 5.202183 9.550607 19.135295 30.174571 
4019175936000000.000000 0.387098 0.723333 1.000447 1.523590 5.202536 9.571788 19.141843 30.101158 
4024225152000000.000000 0.387099 0.723326 1.000465 1.523620 5.203005 9.588302 19.263284 30.048785 
4029274368000000.000000 0.387098 0.723329 1.000441 1.523611 5.202831 9.586315 19.316999 30.234815 
4034323584000000.000000 0.387098 0.723325 1.000471 1.523614 5.202272 9.571257 19.244988 29.956464 
4039372800000000.000000 0.387099 0.723330 1.000445 1.523669 5.202661 9.543059 19.150692 30.260203 
4044422016000000.000000 0.387099 0.723325 1.000467 1.523695 5.202638 9.525171 19.160676 29.993337 
4049471232000000.000000 0.387097 0.723327 1.000449 1.523731 5.202621 9.520385 19.192604 30.167849 
4054520448000000.000000 0.387098 0.723326 1.000461 1.523798 5.202474 9.533942 19.234477 30.122477 
4059569664000000.000000 0.387099 0.723327 1.000458 1.523704 5.201747 9.563684 19.302685 30.024672 
4064618880000000.000000 0.387098 0.723328 1.000442 1.523721 5.202751 9.572450 19.262954 30.246145 
4069668096000000.000000 0.387099 0.723330 1.000471 1.523700 5.203639 9.580128 19.144112 29.944986 
4074717312000000.000000 0.387098 0.723331 1.000431 1.523648 5.203198 9.577942 19.133397 30.287765 
4079766528000000.000000 0.387098 0.723337 1.000471 1.523641 5.201716 9.573996 19.229673 29.951003 
4084815744000000.000000 0.387099 0.723331 1.000432 1.523621 5.202576 9.542188 19.306869 30.206626 
4089864960000000.000000 0.387097 0.723339 1.000461 1.523624 5.202290 9.529042 19.266173 30.085561 
4094914176000000.000000 0.387098 0.723331 1.000437 1.523614 5.203107 9.516370 19.224025 30.067055 
4099963392000000.000000 0.387099 0.723332 1.000460 1.523639 5.202517 9.535812 19.166796 30.214368 
4105012608000000.000000 0.387099 0.723329 1.000450 1.523655 5.201722 9.570339 19.140588 29.950356 
4110061824000000.000000 0.387098 0.723326 1.000455 1.523684 5.202843 9.582505 19.235843 30.297811 
4115111040000000.000000 0.387098 0.723325 1.000462 1.523741 5.203250 9.589314 19.305816 29.946456 
4120160256000000.000000 0.387098 0.723326 1.000451 1.523808 5.202460 9.576012 19.281407 30.214325 
4125209472000000.000000 0.387099 0.723325 1.000469 1.523717 5.202165 9.554913 19.190714 30.066491 
4130258688000000.000000 0.387099 0.723329 1.000447 1.523689 5.202969 9.527365 19.145832 30.098606 
4135307904000000.000000 0.387098 0.723324 1.000462 1.523676 5.202352 9.525047 19.177193 30.184628 
4140357120000000.000000 0.387098 0.723330 1.000453 1.523643 5.202709 9.524535 19.230444 29.984603 
4145406336000000.000000 0.387099 0.723324 1.000454 1.523683 5.202029 9.547960 19.291948 30.243604 
4150455552000000.000000 0.387098 0.723331 1.000459 1.523607 5.202148 9.570884 19.287735 30.010250 
4155504768000000.000000 0.387098 0.723339 1.000442 1.523569 5.203633 9.581568 19.192403 30.176629 
4160553984000000.000000 0.387099 0.723332 1.000454 1.523652 5.203475 9.583767 19.119105 30.081111 
4165603200000000.000000 0.387099 0.723343 1.000438 1.523677 5.201703 9.578239 19.180361 30.093747 
4170652416000000.000000 0.387099 0.723329 1.000453 1.523690 5.201899 9.555129 19.272792 30.182452 
4175701632000000.000000 0.387098 0.723336 1.000449 1.523739 5.202891 9.529763 19.280940 29.999179 
4180750848000000.000000 0.387097 0.723330 1.000446 1.523703 5.203151 9.517495 19.227582 30.211603 
4185800064000000.000000 0.387098 0.723327 1.000466 1.523723 5.202849 9.522988 19.179885 30.040437 
4190849280000000.000000 0.387100 0.723329 1.000444 1.523728 5.201846 9.549146 19.147365 30.152566 
4195898496000000.000000 0.387098 0.723327 1.000468 1.523784 5.201899 9.573267 19.174324 30.096014 
4200947712000000.000000 0.387098 0.723329 1.000446 1.523698 5.203303 9.587728 19.285642 30.064186 
4205996928000000.000000 0.387099 0.723327 1.000453 1.523653 5.204019 9.580067 19.309246 30.218993 
4211046144000000.000000 0.387099 0.723328 1.000460 1.523664 5.201656 9.578384 19.201564 29.970653 
4216095360000000.000000 0.387099 0.723327 1.000443 1.523609 5.202582 9.547630 19.142482 30.243996 
4221144576000000.000000 0.387098 0.723330 1.000471 1.523627 5.202303 9.534971 19.165892 29.997413 
4226193792000000.000000 0.387099 0.723327 1.000438 1.523620 5.202906 9.518937 19.216111 30.185866 
4231243008000000.000000 0.387098 0.723340 1.000463 1.523605 5.202386 9.530098 19.267252 30.097815 
4236292224000000.000000 0.387097 0.723327 1.000434 1.523671 5.202165 9.553198 19.298279 30.024788 
4241341440000000.000000 0.387098 0.723348 1.000458 1.523728 5.202134 9.578975 19.229941 30.260956 
4246390656000000.000000 0.387099 0.723327 1.000436 1.523735 5.204316 9.586175 19.120511 29.936308 
4251439872000000.000000 0.387097 0.723340 1.000455 1.523763 5.202823 9.587352 19.159908 30.281463 
4256489088000000.000000 0.387097 0.723328 1.000448 1.523721 5.201416 9.571775 19.257110 29.957346 
4261538304000000.000000 0.387099 0.723329 1.000457 1.523701 5.202707 9.536809 19.278193 30.224127 
4266587520000000.000000 0.387099 0.723326 1.000464 1.523665 5.202884 9.521891 19.267301 30.082235 
4271636736000000.000000 0.387099 0.723327 1.000451 1.523684 5.203234 9.516885 19.214620 30.059251 
4276685952000000.000000 0.387098 0.723323 1.000461 1.523668 5.202095 9.539974 19.155618 30.215189 
4281735168000000.000000 0.387098 0.723327 1.000454 1.523613 5.201946 9.560295 19.155933 29.970666 
4286784384000000.000000 0.387098 0.723322 1.000465 1.523654 5.201954 9.581858 19.261791 30.276679 
4291833600000000.000000 0.387099 0.723327 1.000456 1.523651 5.204664 9.577550 19.324222 29.944657 
4296882816000000.000000 0.387098 0.723325 1.000458 1.523597 5.203024 9.582439 19.234888 30.240568 
4301932032000000.000000 0.387098 0.723329 1.000457 1.523667 5.201814 9.568085 19.154241 30.044860 
4306981248000000.000000 0.387098 0.723328 1.000453 1.523718 5.202038 9.545120 19.153518 30.115196 
4312030464000000.000000 0.387099 0.723331 1.000456 1.523715 5.202500 9.526965 19.214726 30.162476 
4317079680000000.000000 0.387098 0.723338 1.000445 1.523784 5.203078 9.518465 19.263697 30.004032 
4322128896000000.000000 0.387097 0.723332 1.000441 1.523722 5.202849 9.528939 19.278687 30.248974 
4327178112000000.000000 0.387100 0.723335 1.000464 1.523710 5.202217 9.552530 19.246797 29.983979 
4332227328000000.000000 0.387098 0.723334 1.000432 1.523723 5.201677 9.584248 19.159459 30.191947 
4337276544000000.000000 0.387097 0.723325 1.000479 1.523711 5.204258 9.584915 19.110454 30.074917 
4342325760000000.000000 0.387098 0.723332 1.000433 1.523652 5.202503 9.589538 19.227583 30.091547 
4347374976000000.000000 0.387099 0.723322 1.000469 1.523604 5.202044 9.562099 19.302445 30.184949 
4352424192000000.000000 0.387098 0.723335 1.000440 1.523613 5.202123 9.537537 19.268389 29.993359 
4357473408000000.000000 0.387098 0.723322 1.000465 1.523638 5.203310 9.515072 19.201691 30.233589 
4362522624000000.000000 0.387098 0.723332 1.000448 1.523641 5.202470 9.529408 19.159346 30.013087 
4367571840000000.000000 0.387099 0.723324 1.000459 1.523700 5.202193 9.545538 19.158630 30.151036 
4372621056000000.000000 0.387099 0.723330 1.000458 1.523703 5.201845 9.567653 19.201322 30.118195 
4377670272000000.000000 0.387098 0.723326 1.000441 1.523687 5.202890 9.580373 19.303767 30.045798 
4382719488000000.000000 0.387097 0.723334 1.000473 1.523784 5.204362 9.578336 19.285825 30.230264 
4387768704000000.000000 0.387099 0.723329 1.000435 1.523733 5.202328 9.579746 19.163324 29.960363 
4392817920000000.000000 0.387100 0.723349 1.000447 1.523752 5.201623 9.563808 19.137666 30.260505 
4397867136000000.000000 0.387097 0.723328 1.000448 1.523685 5.202222 9.536099 19.192888 29.993544 
4402916352000000.000000 0.387097 0.723338 1.000450 1.523648 5.203176 9.516296 19.264241 30.175657 
4407965568000000.000000 0.387099 0.723328 1.000459 1.523651 5.202755 9.525435 19.283003 30.107093 
4413014784000000.000000 0.387099 0.723330 1.000450 1.523636 5.202611 9.541109 19.262495 30.049385 
4418064000000000.000000 0.387098 0.723327 1.000459 1.523619 5.201761 9.572212 19.170834 30.239433 
4423113216000000.000000 0.387098 0.723328 1.000451 1.523580 5.202735 9.585763 19.122798 29.931993 
4428162432000000.000000 0.387098 0.723325 1.000463 1.523628 5.203590 9.585931 19.218788 30.306206 
4433211648000000.000000 0.387099 0.723330 1.000446 1.523670 5.202692 9.573937 19.296054 29.942703 
4438260864000000.000000 0.387098 0.723322 1.000463 1.523655 5.202057 9.556250 19.284233 30.235004 
4443310080000000.000000 0.387098 0.723332 1.000452 1.523733 5.202601 9.528256 19.219608 30.057223 
4448359296000000.000000 0.387099 0.723326 1.000451 1.523819 5.202665 9.519994 19.166661 30.087971 
4453408512000000.000000 0.387099 0.723332 1.000460 1.523724 5.202354 9.530370 19.156154 30.207058 
4458457728000000.000000 0.387098 0.723327 1.000451 1.523743 5.202277 9.547946 19.205957 29.962381 
4463506944000000.000000 0.387098 0.723332 1.000450 1.523698 5.202407 9.568040 19.299381 30.273633 
4468556160000000.000000 0.387098 0.723339 1.000448 1.523651 5.203225 9.579244 19.303289 29.970731 
4473605376000000.000000 0.387098 0.723335 1.000441 1.523663 5.202926 9.586209 19.201586 30.224596 
4478654592000000.000000 0.387099 0.723327 1.000470 1.523641 5.202576 9.571466 19.126972 30.037326 
4483703808000000.000000 0.387098 0.723335 1.000437 1.523606 5.201677 9.557162 19.180613 30.119264 
4488753024000000.000000 0.387099 0.723326 1.000470 1.523627 5.202905 9.523020 19.253734 30.165885 
4493802240000000.000000 0.387099 0.723333 1.000431 1.523635 5.202660 9.520675 19.275410 30.007362 
4498851456000000.000000 0.387098 0.723324 1.000478 1.523671 5.202861 9.529989 19.260970 30.222214 
4503900672000000.000000 0.387098 0.723331 1.000441 1.523752 5.201861 9.561505 19.192010 30.006549 
4508949888000000.000000 0.387098 0.723325 1.000463 1.523728 5.202379 9.578600 19.121492 30.201655 
4513999104000000.000000 0.387097 0.723328 1.000460 1.523739 5.203317 9.584303 19.168260 30.055175 
4519048320000000.000000 0.387099 0.723325 1.000446 1.523698 5.202926 9.579065 19.286098 30.094722 
4524097536000000.000000 0.387098 0.723327 1.000477 1.523796 5.202583 9.563543 19.300212 30.194957 
4529146752000000.000000 0.387098 0.723328 1.000437 1.523735 5.202168 9.544679 19.210586 29.996322 
4534195968000000.000000 0.387099 0.723332 1.000472 1.523656 5.202350 9.526692 19.168017 30.220735 
4539245184000000.000000 0.387100 0.723326 1.000439 1.523640 5.202588 9.522037 19.156711 30.011737 
4544294400000000.000000 0.387099 0.723345 1.000456 1.523583 5.202657 9.535246 19.180304 30.182654 
4549343616000000.000000 0.387098 0.723327 1.000441 1.523605 5.202028 9.564508 19.271137 30.104365 
4554392832000000.000000 0.387097 0.723342 1.000453 1.523664 5.203014 9.577207 19.310908 30.033052 
4559442048000000.000000 0.387099 0.723326 1.000452 1.523643 5.203510 9.587143 19.219408 30.247121 
4564491264000000.000000 0.387100 0.723334 1.000447 1.523659 5.202368 9.582849 19.118131 29.958336 
4569540480000000.000000 0.387098 0.723327 1.000462 1.523748 5.201936 9.564318 19.169028 30.263059 
4574589696000000.000000 0.387098 0.723329 1.000448 1.523738 5.202743 9.534328 19.242475 29.972210 
4579638912000000.000000 0.387098 0.723324 1.000462 1.523774 5.202841 9.521169 19.271455 30.206070 
4584688128000000.000000 0.387099 0.723329 1.000450 1.523726 5.202884 9.520812 19.274313 30.102884 
4589737344000000.000000 0.387098 0.723325 1.000458 1.523725 5.202174 9.541819 19.219131 30.040378 
4594786560000000.000000 0.387098 0.723332 1.000453 1.523669 5.201596 9.571100 19.138494 30.232876 
4599835776000000.000000 0.387098 0.723327 1.000453 1.523695 5.203022 9.579362 19.156692 29.953526 
4604884992000000.000000 0.387100 0.723333 1.000449 1.523680 5.203699 9.581963 19.281213 30.294692 
4609934208000000.000000 0.387099 0.723329 1.000452 1.523590 5.202628 9.572827 19.320358 29.932686 
4614983424000000.000000 0.387098 0.723333 1.000451 1.523635 5.201689 9.561822 19.235382 30.232517 
4620032640000000.000000 0.387098 0.723336 1.000448 1.523648 5.202839 9.531675 19.168781 30.056895 
4625081856000000.000000 0.387101 0.723334 1.000443 1.523617 5.202360 9.526499 19.154527 30.093073 
4630131072000000.000000 0.387098 0.723331 1.000465 1.523662 5.203063 9.518740 19.194387 30.192737 
4635180288000000.000000 0.387097 0.723332 1.000436 1.523714 5.202026 9.546552 19.261518 29.968104 
4640229504000000.000000 0.387097 0.723325 1.000476 1.523715 5.202085 9.576627 19.301686 30.291148 
4645278720000000.000000 0.387098 0.723330 1.000437 1.523806 5.203982 9.585840 19.254228 29.944929 
4650327936000000.000000 0.387100 0.723324 1.000472 1.523741 5.202384 9.589635 19.149006 30.214229 
4655377152000000.000000 0.387098 0.723328 1.000447 1.523698 5.201839 9.570346 19.133308 30.060755 
4660426368000000.000000 0.387098 0.723323 1.000464 1.523675 5.202490 9.542513 19.225377 30.093515 
4665475584000000.000000 0.387098 0.723327 1.000463 1.523668 5.203317 9.519816 19.278465 30.185710 
4670524800000000.000000 0.387099 0.723324 1.000450 1.523640 5.202610 9.522623 19.276533 29.990945 
4675574016000000.000000 0.387097 0.723328 1.000471 1.523619 5.202322 9.533268 19.223697 30.232432 
4680623232000000.000000 0.387097 0.723326 1.000441 1.523618 5.201740 9.560337 19.160488 30.009500 
4685672448000000.000000 0.387098 0.723333 1.000474 1.523639 5.202456 9.578543 19.137664 30.171653 
4690721664000000.000000 0.387099 0.723327 1.000437 1.523651 5.204567 9.578343 19.219269 30.091614 
4695770880000000.000000 0.387100 0.723346 1.000453 1.523707 5.202882 9.581306 19.309475 30.077034 
4700820096000000.000000 0.387098 0.723327 1.000446 1.523713 5.201629 9.573092 19.256479 30.199254 
4705869312000000.000000 0.387097 0.723335 1.000454 1.523658 5.202168 9.547628 19.171599 29.990535 
4710918528000000.000000 0.387099 0.723328 1.000457 1.523755 5.202724 9.527344 19.153777 30.227480 
4715967744000000.000000 0.387099 0.723329 1.000449 1.523739 5.203080 9.517206 19.180791 30.022848 
4721016960000000.000000 0.387098 0.723326 1.000459 1.523776 5.202812 9.527333 19.241483 30.162617 
4726066176000000.000000 0.387099 0.723330 1.000450 1.523714 5.201777 9.559454 19.299018 30.117660 
4731115392000000.000000 0.387099 0.723325 1.000463 1.523650 5.202008 9.582381 19.271289 30.035218 
4736164608000000.000000 0.387098 0.723330 1.000448 1.523636 5.204453 9.586536 19.152173 30.246398 
4741213824000000.000000 0.387098 0.723325 1.000459 1.523636 5.202714 9.583501 19.132224 29.945771 
4746263040000000.000000 0.387097 0.723333 1.000451 1.523648 5.201671 9.564845 19.218228 30.270209 
4751312256000000.000000 0.387097 0.723328 1.000449 1.523607 5.202865 9.528407 19.270049 29.996279 
4756361472000000.000000 0.387099 0.723332 1.000458 1.523632 5.202609 9.523669 19.270122 30.178497 
4761410688000000.000000 0.387099 0.723328 1.000447 1.523701 5.202654 9.526539 19.254962 30.117055 
4766459904000000.000000 0.387098 0.723332 1.000452 1.523698 5.202150 9.545323 19.177616 30.028867 
4771509120000000.000000 0.387098 0.723340 1.000445 1.523725 5.202011 9.568119 19.131351 30.254680 
4776558336000000.000000 0.387100 0.723332 1.000448 1.523784 5.202784 9.583270 19.195224 29.934417 
4781607552000000.000000 0.387099 0.723328 1.000468 1.523682 5.204354 9.583187 19.306248 30.283619 
4786656768000000.000000 0.387097 0.723331 1.000442 1.523740 5.202003 9.579670 19.300451 29.968738 
4791705984000000.000000 0.387098 0.723323 1.000469 1.523716 5.201573 9.555594 19.204491 30.206151 
4796755200000000.000000 0.387099 0.723326 1.000445 1.523656 5.202845 9.524915 19.162450 30.076262 
4801804416000000.000000 0.387097 0.723323 1.000473 1.523638 5.203069 9.518707 19.172416 30.072759 
4806853632000000.000000 0.387099 0.723328 1.000452 1.523634 5.203160 9.524447 19.219372 30.214810 
4811902848000000.000000 0.387098 0.723324 1.000462 1.523634 5.201826 9.553250 19.289514 29.970810 
4816952064000000.000000 0.387097 0.723326 1.000462 1.523625 5.201706 9.576350 19.286230 30.256435 
4822001280000000.000000 0.387099 0.723325 1.000447 1.523625 5.203254 9.585559 19.191592 29.971714 
4827050496000000.000000 0.387098 0.723329 1.000476 1.523659 5.204011 9.580912 19.118379 30.227991 
4832099712000000.000000 0.387098 0.723328 1.000434 1.523704 5.202097 9.573871 19.174214 30.046344 
4837148928000000.000000 0.387100 0.723335 1.000469 1.523734 5.201902 9.549807 19.271715 30.099223 
4842198144000000.000000 0.387100 0.723328 1.000436 1.523761 5.202596 9.527555 19.278300 30.191468 
4847247360000000.000000 0.387098 0.723345 1.000455 1.523701 5.202575 9.523489 19.246555 29.999020 
4852296576000000.000000 0.387097 0.723329 1.000443 1.523795 5.202949 9.527375 19.200787 30.227299 
4857345792000000.000000 0.387096 0.723333 1.000456 1.523716 5.202020 9.554763 19.136643 30.003850 
4862395008000000.000000 0.387099 0.723327 1.000453 1.523652 5.202497 9.573695 19.152266 30.188000 
4867444224000000.000000 0.387100 0.723333 1.000443 1.523647 5.203200 9.590406 19.269565 30.102019 
4872493440000000.000000 0.387098 0.723325 1.000466 1.523611 5.203235 9.580627 19.315101 30.045035 
4877542656000000.000000 0.387098 0.723330 1.000445 1.523586 5.201507 9.572279 19.221559 30.216420 
4882591872000000.000000 0.387099 0.723322 1.000466 1.523677 5.202495 9.533996 19.151752 30.005396 
4887641088000000.000000 0.387099 0.723332 1.000444 1.523676 5.203094 9.516880 19.165020 30.213105 
4892690304000000.000000 0.387099 0.723324 1.000464 1.523642 5.202465 9.529673 19.184682 30.022777 
4897739520000000.000000 0.387096 0.723333 1.000451 1.523682 5.202474 9.544145 19.251747 30.149806 
4902788736000000.000000 0.387098 0.723329 1.000451 1.523713 5.201635 9.574261 19.311025 30.137641 
4907837952000000.000000 0.387099 0.723334 1.000450 1.523790 5.203142 9.577216 19.239981 30.014618 
4912887168000000.000000 0.387099 0.723340 1.000440 1.523737 5.203571 9.581555 19.133592 30.243872 
4917936384000000.000000 0.387098 0.723333 1.000454 1.523746 5.202895 9.570621 19.149185 29.955975 
4922985600000000.000000 0.387099 0.723331 1.000456 1.523658 5.201685 9.562423 19.238142 30.271318 
4928034816000000.000000 0.387098 0.723334 1.000445 1.523664 5.202499 9.531150 19.294370 29.980582 
4933084032000000.000000 0.387098 0.723323 1.000469 1.523683 5.202650 9.519704 19.269907 30.160245 
4938133248000000.000000 0.387098 0.723329 1.000441 1.523598 5.202659 9.527268 19.229046 30.137271 
4943182464000000.000000 0.387098 0.723322 1.000474 1.523607 5.202562 9.547285 19.149834 30.014059 
4948231680000000.000000 0.387099 0.723331 1.000442 1.523611 5.202344 9.574214 19.140599 30.260303 
4953280896000000.000000 0.387099 0.723322 1.000472 1.523608 5.203010 9.586703 19.246534 29.917651 
4958330112000000.000000 0.387099 0.723328 1.000448 1.523690 5.202742 9.587918 19.303912 30.307540 
4963379328000000.000000 0.387097 0.723323 1.000464 1.523764 5.202535 9.568788 19.281166 29.955150 
4968428544000000.000000 0.387097 0.723330 1.000459 1.523708 5.202329 9.547166 19.190348 30.187605 
4973477760000000.000000 0.387099 0.723326 1.000444 1.523760 5.202940 9.521247 19.151233 30.103092 
4978526976000000.000000 0.387100 0.723338 1.000466 1.523746 5.202447 9.521756 19.179696 30.049990 
4983576192000000.000000 0.387099 0.723326 1.000433 1.523779 5.202428 9.534851 19.231157 30.235329 
4988625408000000.000000 0.387098 0.723348 1.000460 1.523672 5.201818 9.563831 19.312578 29.941259 
4993674624000000.000000 0.387097 0.723325 1.000439 1.523665 5.202984 9.573709 19.278862 30.275193 
4998723840000000.000000 0.387099 0.723340 1.000460 1.523653 5.203602 9.579318 19.173959 29.986649 
5003773056000000.000000 0.387100 0.723326 1.000445 1.523611 5.202438 9.580085 19.124980 30.190757 
5008822272000000.000000 0.387097 0.723335 1.000457 1.523623 5.202254 9.564367 19.195346 30.079884 
5013871488000000.000000 0.387098 0.723324 1.000459 1.523633 5.202049 9.545245 19.281121 30.075266 
5018920704000000.000000 0.387099 0.723330 1.000446 1.523625 5.202898 9.521055 19.272315 30.204188 
5023969920000000.000000 0.387100 0.723322 1.000466 1.523697 5.202556 9.522406 19.234384 29.988576 
5029019136000000.000000 0.387099 0.723333 1.000441 1.523719 5.202683 9.537598 19.184291 30.221260 
5034068352000000.000000 0.387098 0.723323 1.000473 1.523665 5.201711 9.575070 19.120682 30.024601 
5039117568000000.000000 0.387098 0.723332 1.000441 1.523777 5.203488 9.581430 19.175870 30.173182 
5044166784000000.000000 0.387099 0.723326 1.000459 1.523752 5.202824 9.590608 19.300574 30.105953 
5049216000000000.000000 0.387098 0.723334 1.000448 1.523750 5.202430 9.572156 19.301167 30.037210 
