0.000000 6.273027 
5049216000000.000000 7.061617 
10098432000000.000000 4.624875 
15147648000000.000000 7.562225 
20196864000000.000000 6.369089 
25246080000000.000000 5.983371 
30295296000000.000000 6.927676 
35344512000000.000000 7.838516 
40393728000000.000000 5.574207 
45442944000000.000000 5.783946 
50492160000000.000000 8.717605 
55541376000000.000000 4.188141 
60590592000000.000000 6.428380 
65639808000000.000000 7.727453 
70689024000000.000000 3.900573 
75738240000000.000000 7.618540 
80787456000000.000000 5.958227 
85836672000000.000000 4.420252 
90885888000000.000000 8.014656 
95935104000000.000000 3.886027 
100984320000000.000000 5.614359 
106033536000000.000000 7.460566 
111082752000000.000000 3.534812 
116131968000000.000000 7.489238 
121181184000000.000000 5.509724 
126230400000000.000000 5.645827 
131279616000000.000000 7.096571 
136328832000000.000000 4.608306 
141378048000000.000000 6.205437 
146427264000000.000000 5.707950 
151476480000000.000000 5.061345 
156525696000000.000000 6.810000 
161574912000000.000000 5.365462 
166624128000000.000000 4.769354 
171673344000000.000000 7.911218 
176722560000000.000000 4.254532 
181771776000000.000000 5.397731 
186820992000000.000000 7.800672 
191870208000000.000000 2.945825 
196919424000000.000000 6.594364 
201968640000000.000000 6.408473 
207017856000000.000000 3.417172 
212067072000000.000000 6.939636 
217116288000000.000000 5.636007 
222165504000000.000000 4.294177 
227214720000000.000000 6.641946 
232263936000000.000000 5.369094 
237313152000000.000000 5.991835 
242362368000000.000000 5.666441 
247411584000000.000000 4.952815 
252460800000000.000000 7.003327 
257510016000000.000000 4.939798 
262559232000000.000000 4.620766 
267608448000000.000000 6.876063 
272657664000000.000000 3.786149 
277706880000000.000000 5.530564 
282756096000000.000000 5.986731 
287805312000000.000000 2.465606 
292854528000000.000000 7.201920 
297903744000000.000000 4.005651 
302952960000000.000000 4.113680 
308002176000000.000000 7.089134 
313051392000000.000000 2.918670 
318100608000000.000000 5.364375 
323149824000000.000000 4.606696 
328199040000000.000000 5.641176 
333248256000000.000000 3.294489 
338297472000000.000000 5.375878 
343346688000000.000000 5.762535 
348395904000000.000000 2.884053 
353445120000000.000000 7.027642 
358494336000000.000000 3.750658 
363543552000000.000000 4.824159 
368592768000000.000000 6.017050 
373641984000000.000000 4.427118 
378691200000000.000000 5.697059 
383740416000000.000000 4.035049 
388789632000000.000000 6.519006 
393838848000000.000000 3.789225 
398888064000000.000000 5.721690 
403937280000000.000000 6.591491 
408986496000000.000000 2.748914 
414035712000000.000000 7.870479 
419084928000000.000000 4.660148 
424134144000000.000000 4.685803 
429183360000000.000000 7.639678 
434232576000000.000000 3.450422 
439281792000000.000000 5.596330 
444331008000000.000000 5.949924 
449380224000000.000000 5.433154 
454429440000000.000000 4.732532 
459478656000000.000000 4.581049 
464527872000000.000000 6.394672 
469577088000000.000000 2.071945 
474626304000000.000000 6.801542 
479675520000000.000000 3.937493 
484724736000000.000000 4.925602 
489773952000000.000000 5.213260 
494823168000000.000000 6.375423 
499872384000000.000000 4.299214 
504921600000000.000000 3.069109 
509970816000000.000000 5.295906 
515020032000000.000000 5.648786 
520069248000000.000000 4.431210 
525118464000000.000000 3.836134 
530167680000000.000000 5.994939 
535216896000000.000000 5.254274 
540266112000000.000000 4.487284 
545315328000000.000000 2.868856 
550364544000000.000000 6.368460 
555413760000000.000000 5.493400 
560462976000000.000000 5.144502 
565512192000000.000000 2.979447 
570561408000000.000000 7.507229 
575610624000000.000000 3.009790 
580659840000000.000000 5.535057 
585709056000000.000000 4.531464 
590758272000000.000000 7.046314 
595807488000000.000000 3.219861 
600856704000000.000000 4.964049 
605905920000000.000000 5.516906 
610955136000000.000000 5.404464 
616004352000000.000000 5.298949 
621053568000000.000000 4.233970 
626102784000000.000000 6.769957 
631152000000000.000000 3.582938 
636201216000000.000000 4.479137 
641250432000000.000000 3.874117 
646299648000000.000000 6.319236 
651348864000000.000000 3.809090 
656398080000000.000000 5.050439 
661447296000000.000000 3.805603 
666496512000000.000000 6.437530 
671545728000000.000000 4.383397 
676594944000000.000000 2.993974 
681644160000000.000000 3.611034 
686693376000000.000000 4.863010 
691742592000000.000000 6.605259 
696791808000000.000000 2.915921 
701841024000000.000000 4.979892 
706890240000000.000000 3.470440 
711939456000000.000000 6.844624 
716988672000000.000000 4.136342 
722037888000000.000000 4.917722 
727087104000000.000000 2.262271 
732136320000000.000000 7.048036 
737185536000000.000000 3.679959 
742234752000000.000000 5.626025 
747283968000000.000000 2.830413 
752333184000000.000000 7.067197 
757382400000000.000000 4.537695 
762431616000000.000000 5.766485 
767480832000000.000000 2.764939 
772530048000000.000000 6.455033 
777579264000000.000000 4.635508 
782628480000000.000000 5.416597 
787677696000000.000000 3.471046 
792726912000000.000000 3.211903 
797776128000000.000000 5.172727 
802825344000000.000000 4.182344 
807874560000000.000000 6.648422 
812923776000000.000000 1.836355 
817972992000000.000000 4.115827 
823022208000000.000000 2.640875 
828071424000000.000000 5.073492 
833120640000000.000000 6.276904 
838169856000000.000000 3.005224 
843219072000000.000000 5.124134 
848268288000000.000000 1.729293 
853317504000000.000000 5.387877 
858366720000000.000000 4.412915 
863415936000000.000000 5.474284 
868465152000000.000000 5.967302 
873514368000000.000000 3.191315 
878563584000000.000000 5.076543 
883612800000000.000000 4.231096 
888662016000000.000000 7.009410 
893711232000000.000000 4.056420 
898760448000000.000000 4.939239 
903809664000000.000000 3.170897 
908858880000000.000000 6.506308 
913908096000000.000000 5.903265 
918957312000000.000000 3.749609 
924006528000000.000000 4.815325 
929055744000000.000000 1.278122 
934104960000000.000000 5.799237 
939154176000000.000000 3.830592 
944203392000000.000000 5.100765 
949252608000000.000000 5.765116 
954301824000000.000000 2.367726 
959351040000000.000000 3.974476 
964400256000000.000000 2.160673 
969449472000000.000000 4.766775 
974498688000000.000000 5.354582 
979547904000000.000000 2.954757 
984597120000000.000000 5.110983 
989646336000000.000000 3.607977 
994695552000000.000000 1.631193 
999744768000000.000000 3.566720 
1004793984000000.000000 1.785345 
1009843200000000.000000 4.912692 
1014892416000000.000000 4.595659 
1019941632000000.000000 3.156702 
1024990848000000.000000 4.791626 
1030040064000000.000000 2.562065 
1035089280000000.000000 3.256228 
1040138496000000.000000 3.427014 
1045187712000000.000000 2.761165 
1050236928000000.000000 6.536591 
1055286144000000.000000 4.399552 
1060335360000000.000000 3.493933 
1065384576000000.000000 4.350883 
1070433792000000.000000 1.811413 
1075483008000000.000000 3.872072 
1080532224000000.000000 3.362002 
1085581440000000.000000 2.931906 
1090630656000000.000000 5.637531 
1095679872000000.000000 4.678597 
1100729088000000.000000 3.858109 
1105778304000000.000000 6.102553 
1110827520000000.000000 1.835261 
1115876736000000.000000 3.232958 
1120925952000000.000000 3.455454 
1125975168000000.000000 3.089509 
1131024384000000.000000 5.994762 
1136073600000000.000000 4.151198 
1141122816000000.000000 4.182435 
1146172032000000.000000 4.686111 
1151221248000000.000000 1.872448 
1156270464000000.000000 4.300309 
1161319680000000.000000 3.402222 
1166368896000000.000000 4.501667 
1171418112000000.000000 6.386678 
1176467328000000.000000 4.144784 
1181516544000000.000000 5.258255 
1186565760000000.000000 4.857274 
1191614976000000.000000 4.305072 
1196664192000000.000000 5.079656 
1201713408000000.000000 4.080555 
1206762624000000.000000 6.209587 
1211811840000000.000000 5.097436 
1216861056000000.000000 2.945027 
1221910272000000.000000 4.668346 
1226959488000000.000000 2.121537 
1232008704000000.000000 3.568626 
1237057920000000.000000 5.321261 
1242107136000000.000000 3.276394 
1247156352000000.000000 6.387616 
1252205568000000.000000 6.377517 
1257254784000000.000000 3.637239 
1262304000000000.000000 5.847319 
1267353216000000.000000 1.965653 
1272402432000000.000000 2.595082 
1277451648000000.000000 5.298420 
1282500864000000.000000 2.728946 
1287550080000000.000000 6.721299 
1292599296000000.000000 6.407130 
1297648512000000.000000 3.257188 
1302697728000000.000000 5.574259 
1307746944000000.000000 3.262427 
1312796160000000.000000 2.190893 
1317845376000000.000000 5.099160 
1322894592000000.000000 3.100210 
1327943808000000.000000 5.963448 
1332993024000000.000000 6.249388 
1338042240000000.000000 3.849252 
1343091456000000.000000 5.252937 
1348140672000000.000000 5.683601 
1353189888000000.000000 3.581821 
1358239104000000.000000 4.173491 
1363288320000000.000000 5.078386 
1368337536000000.000000 3.219117 
1373386752000000.000000 4.447718 
1378435968000000.000000 4.708778 
1383485184000000.000000 3.298953 
1388534400000000.000000 6.924644 
1393583616000000.000000 6.200453 
1398632832000000.000000 3.672699 
1403682048000000.000000 6.399522 
1408731264000000.000000 3.446980 
1413780480000000.000000 2.498191 
1418829696000000.000000 4.964788 
1423878912000000.000000 3.160822 
1428928128000000.000000 3.807809 
1433977344000000.000000 5.416458 
1439026560000000.000000 3.994382 
1444075776000000.000000 4.918687 
1449124992000000.000000 7.066325 
1454174208000000.000000 5.488820 
1459223424000000.000000 3.991962 
1464272640000000.000000 6.152631 
1469321856000000.000000 5.272381 
1474371072000000.000000 2.222290 
1479420288000000.000000 4.853903 
1484469504000000.000000 2.584158 
1489518720000000.000000 1.778338 
1494567936000000.000000 5.729614 
1499617152000000.000000 3.917479 
1504666368000000.000000 4.022879 
1509715584000000.000000 5.618287 
1514764800000000.000000 5.768277 
1519814016000000.000000 4.081862 
1524863232000000.000000 6.219429 
1529912448000000.000000 6.953447 
1534961664000000.000000 4.369680 
1540010880000000.000000 4.396886 
1545060096000000.000000 6.467896 
1550109312000000.000000 2.788110 
1555158528000000.000000 3.155685 
1560207744000000.000000 4.849873 
1565256960000000.000000 4.723527 
1570306176000000.000000 1.883633 
1575355392000000.000000 3.463325 
1580404608000000.000000 4.389757 
1585453824000000.000000 1.626284 
1590503040000000.000000 2.714734 
1595552256000000.000000 5.748971 
1600601472000000.000000 3.677486 
1605650688000000.000000 4.549171 
1610699904000000.000000 5.307768 
1615749120000000.000000 5.074269 
1620798336000000.000000 3.603082 
1625847552000000.000000 5.433286 
1630896768000000.000000 7.043687 
1635945984000000.000000 5.039685 
1640995200000000.000000 4.310427 
1646044416000000.000000 5.869360 
1651093632000000.000000 5.860337 
1656142848000000.000000 4.767563 
1661192064000000.000000 4.978547 
1666241280000000.000000 6.959822 
1671290496000000.000000 6.101643 
1676339712000000.000000 3.287622 
1681388928000000.000000 4.978598 
1686438144000000.000000 5.559581 
1691487360000000.000000 5.569701 
1696536576000000.000000 3.200515 
1701585792000000.000000 5.270053 
1706635008000000.000000 5.947082 
1711684224000000.000000 2.302592 
1716733440000000.000000 3.568061 
1721782656000000.000000 4.980456 
1726831872000000.000000 5.768654 
1731881088000000.000000 2.613949 
1736930304000000.000000 3.303498 
1741979520000000.000000 5.537697 
1747028736000000.000000 2.395925 
1752077952000000.000000 3.292470 
1757127168000000.000000 4.351046 
1762176384000000.000000 4.724513 
1767225600000000.000000 3.749609 
1772274816000000.000000 2.158592 
1777324032000000.000000 3.973520 
1782373248000000.000000 3.680465 
1787422464000000.000000 1.427809 
1792471680000000.000000 3.237407 
1797520896000000.000000 4.943158 
1802570112000000.000000 2.465600 
1807619328000000.000000 4.215570 
1812668544000000.000000 6.568489 
1817717760000000.000000 4.773292 
1822766976000000.000000 4.034817 
1827816192000000.000000 4.606168 
1832865408000000.000000 6.469238 
1837914624000000.000000 4.808987 
1842963840000000.000000 2.619058 
1848013056000000.000000 6.852240 
1853062272000000.000000 6.250758 
1858111488000000.000000 4.107020 
1863160704000000.000000 5.447722 
1868209920000000.000000 5.177551 
1873259136000000.000000 6.104481 
1878308352000000.000000 4.257511 
1883357568000000.000000 3.370619 
1888406784000000.000000 7.177914 
1893456000000000.000000 5.551869 
1898505216000000.000000 3.697363 
1903554432000000.000000 3.597855 
1908603648000000.000000 4.505814 
1913652864000000.000000 6.438812 
1918702080000000.000000 3.930401 
1923751296000000.000000 3.353792 
1928800512000000.000000 6.427176 
1933849728000000.000000 5.074961 
1938898944000000.000000 3.997406 
1943948160000000.000000 2.180475 
1948997376000000.000000 3.916157 
1954046592000000.000000 6.280442 
1959095808000000.000000 4.024420 
1964145024000000.000000 2.660018 
1969194240000000.000000 4.997209 
1974243456000000.000000 3.771944 
1979292672000000.000000 3.974209 
1984341888000000.000000 1.513850 
1989391104000000.000000 1.923245 
1994440320000000.000000 5.940675 
1999489536000000.000000 4.124392 
2004538752000000.000000 2.607355 
2009587968000000.000000 3.304080 
2014637184000000.000000 2.569492 
2019686400000000.000000 4.719899 
2024735616000000.000000 3.438719 
2029784832000000.000000 5.350473 
2034834048000000.000000 3.641718 
2039883264000000.000000 4.799461 
2044932480000000.000000 6.853745 
2049981696000000.000000 2.196482 
2055030912000000.000000 2.821109 
2060080128000000.000000 5.074824 
2065129344000000.000000 5.753444 
2070178560000000.000000 6.659299 
2075227776000000.000000 5.107475 
2080276992000000.000000 4.789295 
2085326208000000.000000 6.362756 
2090375424000000.000000 6.397176 
2095424640000000.000000 5.239235 
2100473856000000.000000 3.504534 
2105523072000000.000000 2.568354 
2110572288000000.000000 7.249940 
2115621504000000.000000 6.106263 
2120670720000000.000000 4.309224 
2125719936000000.000000 6.851281 
2130769152000000.000000 7.584328 
2135818368000000.000000 5.166446 
2140867584000000.000000 5.867489 
2145916800000000.000000 6.708658 
2150966016000000.000000 6.257353 
2156015232000000.000000 4.340066 
2161064448000000.000000 5.700467 
2166113664000000.000000 6.909231 
2171162880000000.000000 2.290749 
2176212096000000.000000 3.348505 
2181261312000000.000000 5.134702 
2186310528000000.000000 6.141970 
2191359744000000.000000 6.526896 
2196408960000000.000000 4.478486 
2201458176000000.000000 4.347037 
2206507392000000.000000 5.055492 
2211556608000000.000000 4.549398 
2216605824000000.000000 4.491086 
2221655040000000.000000 2.311028 
2226704256000000.000000 2.003009 
2231753472000000.000000 6.077015 
2236802688000000.000000 4.497266 
2241851904000000.000000 4.666885 
2246901120000000.000000 5.440012 
2251950336000000.000000 6.825510 
2256999552000000.000000 5.453660 
2262048768000000.000000 5.132757 
2267097984000000.000000 7.552614 
2272147200000000.000000 6.897580 
2277196416000000.000000 4.660562 
2282245632000000.000000 4.963624 
2287294848000000.000000 6.215246 
2292344064000000.000000 5.240223 
2297393280000000.000000 4.860951 
2302442496000000.000000 2.549826 
2307491712000000.000000 7.044180 
2312540928000000.000000 6.219696 
2317590144000000.000000 3.826042 
2322639360000000.000000 4.425593 
2327688576000000.000000 4.403434 
2332737792000000.000000 6.109976 
2337787008000000.000000 4.483198 
2342836224000000.000000 6.003825 
2347885440000000.000000 2.453983 
2352934656000000.000000 5.422991 
2357983872000000.000000 3.920618 
2363033088000000.000000 4.732378 
2368082304000000.000000 6.384893 
2373131520000000.000000 5.544788 
2378180736000000.000000 5.021560 
2383229952000000.000000 1.926325 
2388279168000000.000000 6.681073 
2393328384000000.000000 2.487065 
2398377600000000.000000 5.310006 
2403426816000000.000000 4.691055 
2408476032000000.000000 7.655497 
2413525248000000.000000 2.920036 
2418574464000000.000000 4.720417 
2423623680000000.000000 3.116624 
2428672896000000.000000 6.043982 
2433722112000000.000000 3.496153 
2438771328000000.000000 5.087044 
2443820544000000.000000 7.251058 
2448869760000000.000000 6.313876 
2453918976000000.000000 6.572219 
2458968192000000.000000 4.418647 
2464017408000000.000000 5.622604 
2469066624000000.000000 6.399354 
2474115840000000.000000 4.577938 
2479165056000000.000000 4.704443 
2484214272000000.000000 5.731982 
2489263488000000.000000 5.659712 
2494312704000000.000000 5.140832 
2499361920000000.000000 5.651398 
2504411136000000.000000 6.988404 
2509460352000000.000000 7.165573 
2514509568000000.000000 6.725822 
2519558784000000.000000 5.607856 
2524608000000000.000000 6.867396 
2529657216000000.000000 7.166194 
2534706432000000.000000 6.492406 
2539755648000000.000000 7.331055 
2544804864000000.000000 7.214217 
2549854080000000.000000 4.052847 
2554903296000000.000000 4.666004 
2559952512000000.000000 5.339400 
2565001728000000.000000 3.416672 
2570050944000000.000000 5.132354 
2575100160000000.000000 6.450705 
2580149376000000.000000 6.542222 
2585198592000000.000000 6.494379 
2590247808000000.000000 8.399131 
2595297024000000.000000 6.537012 
2600346240000000.000000 6.305072 
2605395456000000.000000 4.530070 
2610444672000000.000000 7.676451 
2615493888000000.000000 6.808254 
2620543104000000.000000 6.521680 
2625592320000000.000000 6.058651 
2630641536000000.000000 7.731633 
2635690752000000.000000 6.722025 
2640739968000000.000000 6.635628 
2645789184000000.000000 8.508924 
2650838400000000.000000 6.082578 
2655887616000000.000000 7.316692 
2660936832000000.000000 7.548178 
2665986048000000.000000 5.637687 
2671035264000000.000000 7.501534 
2676084480000000.000000 5.758959 
2681133696000000.000000 6.286404 
2686182912000000.000000 5.187173 
2691232128000000.000000 8.499225 
2696281344000000.000000 6.315494 
2701330560000000.000000 7.896565 
2706379776000000.000000 8.314772 
2711428992000000.000000 5.324850 
2716478208000000.000000 6.843308 
2721527424000000.000000 6.537881 
2726576640000000.000000 4.780530 
2731625856000000.000000 7.365434 
2736675072000000.000000 5.962103 
2741724288000000.000000 5.623141 
2746773504000000.000000 4.949831 
2751822720000000.000000 6.592697 
2756871936000000.000000 4.631934 
2761921152000000.000000 4.012482 
2766970368000000.000000 5.496668 
2772019584000000.000000 6.810397 
2777068800000000.000000 6.936736 
2782118016000000.000000 6.214923 
2787167232000000.000000 5.619154 
2792216448000000.000000 3.005202 
2797265664000000.000000 4.869366 
2802314880000000.000000 7.033719 
2807364096000000.000000 5.883817 
2812413312000000.000000 3.629318 
2817462528000000.000000 3.762262 
2822511744000000.000000 3.241356 
2827560960000000.000000 2.755089 
2832610176000000.000000 5.577243 
2837659392000000.000000 4.293575 
2842708608000000.000000 4.327789 
2847757824000000.000000 7.172842 
2852807040000000.000000 5.704024 
2857856256000000.000000 5.784290 
2862905472000000.000000 4.054007 
2867954688000000.000000 6.816015 
2873003904000000.000000 6.050910 
2878053120000000.000000 4.684099 
2883102336000000.000000 4.166481 
2888151552000000.000000 7.701168 
2893200768000000.000000 5.262186 
2898249984000000.000000 2.795983 
2903299200000000.000000 12.356462 
2908348416000000.000000 12.583420 
2913397632000000.000000 9.726557 
2918446848000000.000000 11.708482 
2923496064000000.000000 11.404263 
2928545280000000.000000 18.846865 
2933594496000000.000000 21.791340 
2938643712000000.000000 18.392159 
2943692928000000.000000 15.492487 
2948742144000000.000000 21.274285 
2953791360000000.000000 15.533659 
2958840576000000.000000 8.947455 
2963889792000000.000000 11.414433 
2968939008000000.000000 5.891644 
2973988224000000.000000 9.876273 
2979037440000000.000000 12.468495 
2984086656000000.000000 15.624125 
2989135872000000.000000 15.763453 
2994185088000000.000000 16.541272 
2999234304000000.000000 15.494982 
3004283520000000.000000 18.379874 
3009332736000000.000000 14.785250 
3014381952000000.000000 12.192419 
3019431168000000.000000 11.333444 
3024480384000000.000000 9.712675 
3029529600000000.000000 9.464997 
3034578816000000.000000 11.470162 
3039628032000000.000000 10.039317 
3044677248000000.000000 12.399094 
3049726464000000.000000 17.494893 
3054775680000000.000000 9.786454 
3059824896000000.000000 9.368111 
3064874112000000.000000 9.742984 
3069923328000000.000000 174.346428 
3074972544000000.000000 nan 
3080021760000000.000000 nan 
3085070976000000.000000 nan 
3090120192000000.000000 nan 
3095169408000000.000000 nan 
3100218624000000.000000 nan 
3105267840000000.000000 nan 
3110317056000000.000000 nan 
3115366272000000.000000 nan 
3120415488000000.000000 nan 
3125464704000000.000000 nan 
3130513920000000.000000 nan 
3135563136000000.000000 nan 
3140612352000000.000000 nan 
3145661568000000.000000 nan 
3150710784000000.000000 nan 
3155760000000000.000000 nan 
3160809216000000.000000 nan 
3165858432000000.000000 nan 
3170907648000000.000000 nan 
3175956864000000.000000 nan 
3181006080000000.000000 nan 
3186055296000000.000000 nan 
3191104512000000.000000 nan 
3196153728000000.000000 nan 
3201202944000000.000000 nan 
3206252160000000.000000 nan 
3211301376000000.000000 nan 
3216350592000000.000000 nan 
3221399808000000.000000 nan 
3226449024000000.000000 nan 
3231498240000000.000000 nan 
3236547456000000.000000 nan 
3241596672000000.000000 nan 
3246645888000000.000000 nan 
3251695104000000.000000 nan 
3256744320000000.000000 nan 
3261793536000000.000000 nan 
3266842752000000.000000 nan 
3271891968000000.000000 nan 
3276941184000000.000000 nan 
3281990400000000.000000 nan 
3287039616000000.000000 nan 
3292088832000000.000000 nan 
3297138048000000.000000 nan 
3302187264000000.000000 nan 
3307236480000000.000000 nan 
3312285696000000.000000 nan 
3317334912000000.000000 nan 
3322384128000000.000000 nan 
3327433344000000.000000 nan 
3332482560000000.000000 nan 
3337531776000000.000000 nan 
3342580992000000.000000 nan 
3347630208000000.000000 nan 
3352679424000000.000000 nan 
3357728640000000.000000 nan 
3362777856000000.000000 nan 
3367827072000000.000000 nan 
3372876288000000.000000 nan 
3377925504000000.000000 nan 
3382974720000000.000000 nan 
3388023936000000.000000 nan 
3393073152000000.000000 nan 
3398122368000000.000000 nan 
3403171584000000.000000 nan 
3408220800000000.000000 nan 
3413270016000000.000000 nan 
3418319232000000.000000 nan 
3423368448000000.000000 nan 
3428417664000000.000000 nan 
3433466880000000.000000 nan 
3438516096000000.000000 nan 
3443565312000000.000000 nan 
3448614528000000.000000 nan 
3453663744000000.000000 nan 
3458712960000000.000000 nan 
3463762176000000.000000 nan 
3468811392000000.000000 nan 
3473860608000000.000000 nan 
3478909824000000.000000 nan 
3483959040000000.000000 nan 
3489008256000000.000000 nan 
3494057472000000.000000 nan 
3499106688000000.000000 nan 
3504155904000000.000000 nan 
3509205120000000.000000 nan 
3514254336000000.000000 nan 
3519303552000000.000000 nan 
3524352768000000.000000 nan 
3529401984000000.000000 nan 
3534451200000000.000000 nan 
3539500416000000.000000 nan 
3544549632000000.000000 nan 
3549598848000000.000000 nan 
3554648064000000.000000 nan 
3559697280000000.000000 nan 
3564746496000000.000000 nan 
3569795712000000.000000 nan 
3574844928000000.000000 nan 
3579894144000000.000000 nan 
3584943360000000.000000 nan 
3589992576000000.000000 nan 
3595041792000000.000000 nan 
3600091008000000.000000 nan 
3605140224000000.000000 nan 
3610189440000000.000000 nan 
3615238656000000.000000 nan 
3620287872000000.000000 nan 
3625337088000000.000000 nan 
3630386304000000.000000 nan 
3635435520000000.000000 nan 
3640484736000000.000000 nan 
3645533952000000.000000 nan 
3650583168000000.000000 nan 
3655632384000000.000000 nan 
3660681600000000.000000 nan 
3665730816000000.000000 nan 
3670780032000000.000000 nan 
3675829248000000.000000 nan 
3680878464000000.000000 nan 
3685927680000000.000000 nan 
3690976896000000.000000 nan 
3696026112000000.000000 nan 
3701075328000000.000000 nan 
3706124544000000.000000 nan 
3711173760000000.000000 nan 
3716222976000000.000000 nan 
3721272192000000.000000 nan 
3726321408000000.000000 nan 
3731370624000000.000000 nan 
3736419840000000.000000 nan 
3741469056000000.000000 nan 
3746518272000000.000000 nan 
3751567488000000.000000 nan 
3756616704000000.000000 nan 
3761665920000000.000000 nan 
3766715136000000.000000 nan 
3771764352000000.000000 nan 
3776813568000000.000000 nan 
3781862784000000.000000 nan 
3786912000000000.000000 nan 
3791961216000000.000000 nan 
3797010432000000.000000 nan 
3802059648000000.000000 nan 
3807108864000000.000000 nan 
3812158080000000.000000 nan 
3817207296000000.000000 nan 
3822256512000000.000000 nan 
3827305728000000.000000 nan 
3832354944000000.000000 nan 
3837404160000000.000000 nan 
3842453376000000.000000 nan 
3847502592000000.000000 nan 
3852551808000000.000000 nan 
3857601024000000.000000 nan 
3862650240000000.000000 nan 
3867699456000000.000000 nan 
3872748672000000.000000 nan 
3877797888000000.000000 nan 
3882847104000000.000000 nan 
3887896320000000.000000 nan 
3892945536000000.000000 nan 
3897994752000000.000000 nan 
3903043968000000.000000 nan 
3908093184000000.000000 nan 
3913142400000000.000000 nan 
3918191616000000.000000 nan 
3923240832000000.000000 nan 
3928290048000000.000000 nan 
3933339264000000.000000 nan 
3938388480000000.000000 nan 
3943437696000000.000000 nan 
3948486912000000.000000 nan 
3953536128000000.000000 nan 
3958585344000000.000000 nan 
3963634560000000.000000 nan 
3968683776000000.000000 nan 
3973732992000000.000000 nan 
3978782208000000.000000 nan 
3983831424000000.000000 nan 
3988880640000000.000000 nan 
3993929856000000.000000 nan 
3998979072000000.000000 nan 
4004028288000000.000000 nan 
4009077504000000.000000 nan 
4014126720000000.000000 nan 
4019175936000000.000000 nan 
4024225152000000.000000 nan 
4029274368000000.000000 nan 
4034323584000000.000000 nan 
4039372800000000.000000 nan 
4044422016000000.000000 nan 
4049471232000000.000000 nan 
4054520448000000.000000 nan 
4059569664000000.000000 nan 
4064618880000000.000000 nan 
4069668096000000.000000 nan 
4074717312000000.000000 nan 
4079766528000000.000000 nan 
4084815744000000.000000 nan 
4089864960000000.000000 nan 
4094914176000000.000000 nan 
4099963392000000.000000 nan 
4105012608000000.000000 nan 
4110061824000000.000000 nan 
4115111040000000.000000 nan 
4120160256000000.000000 nan 
4125209472000000.000000 nan 
4130258688000000.000000 nan 
4135307904000000.000000 nan 
4140357120000000.000000 nan 
4145406336000000.000000 nan 
4150455552000000.000000 nan 
4155504768000000.000000 nan 
4160553984000000.000000 nan 
4165603200000000.000000 nan 
4170652416000000.000000 nan 
4175701632000000.000000 nan 
4180750848000000.000000 nan 
4185800064000000.000000 nan 
4190849280000000.000000 nan 
4195898496000000.000000 nan 
4200947712000000.000000 nan 
4205996928000000.000000 nan 
4211046144000000.000000 nan 
4216095360000000.000000 nan 
4221144576000000.000000 nan 
4226193792000000.000000 nan 
4231243008000000.000000 nan 
4236292224000000.000000 nan 
4241341440000000.000000 nan 
4246390656000000.000000 nan 
4251439872000000.000000 nan 
4256489088000000.000000 nan 
4261538304000000.000000 nan 
4266587520000000.000000 nan 
4271636736000000.000000 nan 
4276685952000000.000000 nan 
4281735168000000.000000 nan 
4286784384000000.000000 nan 
4291833600000000.000000 nan 
4296882816000000.000000 nan 
4301932032000000.000000 nan 
4306981248000000.000000 nan 
4312030464000000.000000 nan 
4317079680000000.000000 nan 
4322128896000000.000000 nan 
4327178112000000.000000 nan 
4332227328000000.000000 nan 
4337276544000000.000000 nan 
4342325760000000.000000 nan 
4347374976000000.000000 nan 
4352424192000000.000000 nan 
4357473408000000.000000 nan 
4362522624000000.000000 nan 
4367571840000000.000000 nan 
4372621056000000.000000 nan 
4377670272000000.000000 nan 
4382719488000000.000000 nan 
4387768704000000.000000 nan 
4392817920000000.000000 nan 
4397867136000000.000000 nan 
4402916352000000.000000 nan 
4407965568000000.000000 nan 
4413014784000000.000000 nan 
4418064000000000.000000 nan 
4423113216000000.000000 nan 
4428162432000000.000000 nan 
4433211648000000.000000 nan 
4438260864000000.000000 nan 
4443310080000000.000000 nan 
4448359296000000.000000 nan 
4453408512000000.000000 nan 
4458457728000000.000000 nan 
4463506944000000.000000 nan 
4468556160000000.000000 nan 
4473605376000000.000000 nan 
4478654592000000.000000 nan 
4483703808000000.000000 nan 
4488753024000000.000000 nan 
4493802240000000.000000 nan 
4498851456000000.000000 nan 
4503900672000000.000000 nan 
4508949888000000.000000 nan 
4513999104000000.000000 nan 
4519048320000000.000000 nan 
4524097536000000.000000 nan 
4529146752000000.000000 nan 
4534195968000000.000000 nan 
4539245184000000.000000 nan 
4544294400000000.000000 nan 
4549343616000000.000000 nan 
4554392832000000.000000 nan 
4559442048000000.000000 nan 
4564491264000000.000000 nan 
4569540480000000.000000 nan 
4574589696000000.000000 nan 
4579638912000000.000000 nan 
4584688128000000.000000 nan 
4589737344000000.000000 nan 
4594786560000000.000000 nan 
4599835776000000.000000 nan 
4604884992000000.000000 nan 
4609934208000000.000000 nan 
4614983424000000.000000 nan 
4620032640000000.000000 nan 
4625081856000000.000000 nan 
4630131072000000.000000 nan 
4635180288000000.000000 nan 
4640229504000000.000000 nan 
4645278720000000.000000 nan 
4650327936000000.000000 nan 
4655377152000000.000000 nan 
4660426368000000.000000 nan 
4665475584000000.000000 nan 
4670524800000000.000000 nan 
4675574016000000.000000 nan 
4680623232000000.000000 nan 
4685672448000000.000000 nan 
4690721664000000.000000 nan 
4695770880000000.000000 nan 
4700820096000000.000000 nan 
4705869312000000.000000 nan 
4710918528000000.000000 nan 
4715967744000000.000000 nan 
4721016960000000.000000 nan 
4726066176000000.000000 nan 
4731115392000000.000000 nan 
4736164608000000.000000 nan 
4741213824000000.000000 nan 
4746263040000000.000000 nan 
4751312256000000.000000 nan 
4756361472000000.000000 nan 
4761410688000000.000000 nan 
4766459904000000.000000 nan 
4771509120000000.000000 nan 
4776558336000000.000000 nan 
4781607552000000.000000 nan 
4786656768000000.000000 nan 
4791705984000000.000000 nan 
4796755200000000.000000 nan 
4801804416000000.000000 nan 
4806853632000000.000000 nan 
4811902848000000.000000 nan 
4816952064000000.000000 nan 
4822001280000000.000000 nan 
4827050496000000.000000 nan 
4832099712000000.000000 nan 
4837148928000000.000000 nan 
4842198144000000.000000 nan 
4847247360000000.000000 nan 
4852296576000000.000000 nan 
4857345792000000.000000 nan 
4862395008000000.000000 nan 
4867444224000000.000000 nan 
4872493440000000.000000 nan 
4877542656000000.000000 nan 
4882591872000000.000000 nan 
4887641088000000.000000 nan 
4892690304000000.000000 nan 
4897739520000000.000000 nan 
4902788736000000.000000 nan 
4907837952000000.000000 nan 
4912887168000000.000000 nan 
4917936384000000.000000 nan 
4922985600000000.000000 nan 
4928034816000000.000000 nan 
4933084032000000.000000 nan 
4938133248000000.000000 nan 
4943182464000000.000000 nan 
4948231680000000.000000 nan 
4953280896000000.000000 nan 
4958330112000000.000000 nan 
4963379328000000.000000 nan 
4968428544000000.000000 nan 
4973477760000000.000000 nan 
4978526976000000.000000 nan 
4983576192000000.000000 nan 
4988625408000000.000000 nan 
4993674624000000.000000 nan 
4998723840000000.000000 nan 
5003773056000000.000000 nan 
5008822272000000.000000 nan 
5013871488000000.000000 nan 
5018920704000000.000000 nan 
5023969920000000.000000 nan 
5029019136000000.000000 nan 
5034068352000000.000000 nan 
5039117568000000.000000 nan 
5044166784000000.000000 nan 
5049216000000000.000000 nan 
