# Time[yr] ID Distance from Sun[AU] Velocity[m/s] T0[K] Amplitude[Cd] Lag_angle[ed] Accel_mag[m/s^2] ax[m/s^2] ay[m/s^2] az[m/s^2]
0.00000e+00 1 2.32727e+00 1.92380e+04 180.89644 1.20018e-15 0.76112 3.05093e-13 2.97084e-13 -6.94442e-14 0.00000e+00
1.60000e+05 1 2.02791e+00 2.19648e+04 181.48682 1.21164e-15 0.76086 4.05025e-13 -3.14287e-13 -2.55477e-13 0.00000e+00
3.20000e+05 1 2.33269e+00 1.92142e+04 181.47613 1.21143e-15 0.76086 3.06262e-13 -2.38242e-13 1.92450e-13 0.00000e+00
4.80000e+05 1 2.46861e+00 1.80703e+04 181.01634 1.20250e-15 0.76107 2.71833e-13 -2.54518e-13 9.54636e-14 0.00000e+00
6.40000e+05 1 2.27428e+00 1.96919e+04 181.36734 1.20932e-15 0.76091 3.22180e-13 -9.81552e-14 -3.06864e-13 0.00000e+00
8.00000e+05 1 2.62705e+00 1.68442e+04 181.47701 1.21145e-15 0.76086 2.40630e-13 5.64851e-15 -2.40563e-13 0.00000e+00
9.60000e+05 1 2.43092e+00 1.83740e+04 181.30305 1.20807e-15 0.76094 2.81704e-13 2.81278e-13 1.54856e-14 0.00000e+00
1.12000e+06 1 1.98364e+00 2.24032e+04 181.26523 1.20733e-15 0.76096 4.18923e-13 -3.61358e-13 2.11936e-13 0.00000e+00
1.28000e+06 1 2.62874e+00 1.68290e+04 181.46019 1.21112e-15 0.76087 2.40773e-13 6.57831e-14 2.31612e-13 0.00000e+00
1.44000e+06 1 2.05379e+00 2.17305e+04 181.45130 1.21095e-15 0.76087 3.93854e-13 -1.47792e-13 -3.65073e-13 0.00000e+00
1.60000e+06 1 2.52503e+00 1.76208e+04 181.22205 1.20649e-15 0.76098 2.57751e-13 -2.48215e-13 6.94587e-14 0.00000e+00
1.76000e+06 1 2.17900e+00 2.05309e+04 181.50933 1.21208e-15 0.76085 3.51046e-13 -2.70282e-13 2.24011e-13 0.00000e+00
1.92000e+06 1 1.85764e+00 2.37250e+04 181.59318 1.21371e-15 0.76081 4.83654e-13 -3.66795e-13 3.15250e-13 0.00000e+00
2.08000e+06 1 2.02850e+00 2.19650e+04 181.11755 1.20447e-15 0.76102 3.99791e-13 -3.99593e-13 -1.25736e-14 0.00000e+00
2.24000e+06 1 2.54884e+00 1.74327e+04 181.51421 1.21217e-15 0.76085 2.56671e-13 2.12958e-14 2.55786e-13 0.00000e+00
2.40000e+06 1 2.65458e+00 1.66030e+04 181.83319 1.21839e-15 0.76070 2.36313e-13 -1.22627e-13 2.02005e-13 0.00000e+00
2.56000e+06 1 2.12157e+00 2.10744e+04 181.12092 1.20453e-15 0.76102 3.68313e-13 3.47225e-13 -1.22840e-13 0.00000e+00
2.72000e+06 1 2.42648e+00 1.83977e+04 181.47649 1.21144e-15 0.76086 2.83032e-13 1.08552e-13 -2.61388e-13 0.00000e+00
2.88000e+06 1 2.12449e+00 2.10441e+04 181.93563 1.22039e-15 0.76066 3.72401e-13 1.32017e-13 3.48216e-13 0.00000e+00
3.04000e+06 1 2.48251e+00 1.79331e+04 181.18384 1.20575e-15 0.76099 2.69106e-13 9.64555e-14 2.51226e-13 0.00000e+00
3.20000e+06 1 2.57012e+00 1.72587e+04 181.40134 1.20998e-15 0.76090 2.51222e-13 1.37675e-13 2.10139e-13 0.00000e+00
3.36000e+06 1 2.13414e+00 2.09351e+04 181.99140 1.22148e-15 0.76063 3.68285e-13 1.15601e-13 3.49671e-13 0.00000e+00
3.52000e+06 1 2.25187e+00 1.98682e+04 181.24756 1.20699e-15 0.76096 3.27532e-13 -3.25274e-13 3.83943e-14 0.00000e+00
3.68000e+06 1 2.16144e+00 2.06811e+04 181.28069 1.20763e-15 0.76095 3.55852e-13 3.44623e-13 8.86882e-14 0.00000e+00
3.84000e+06 1 1.86358e+00 2.36412e+04 181.91764 1.22004e-15 0.76067 4.83406e-13 -3.96505e-13 -2.76523e-13 0.00000e+00
4.00000e+06 1 1.99495e+00 2.22664e+04 181.45844 1.21109e-15 0.76087 4.17954e-13 3.18807e-13 -2.70273e-13 0.00000e+00
4.16000e+06 1 2.40664e+00 1.85416e+04 181.22519 1.20655e-15 0.76097 2.85279e-13 -2.83174e-13 3.45900e-14 0.00000e+00
4.32000e+06 1 2.63304e+00 1.67448e+04 181.85841 1.21889e-15 0.76069 2.41764e-13 -1.77059e-13 -1.64620e-13 0.00000e+00
4.48000e+06 1 1.87446e+00 2.35086e+04 181.74658 1.21670e-15 0.76074 4.74711e-13 -3.22458e-13 3.48384e-13 0.00000e+00
4.64000e+06 1 2.44929e+00 1.81801e+04 181.40935 1.21013e-15 0.76089 2.77446e-13 2.13532e-13 -1.77146e-13 0.00000e+00
4.80000e+06 1 2.62177e+00 1.68224e+04 181.77009 1.21716e-15 0.76073 2.43336e-13 2.02702e-13 1.34626e-13 0.00000e+00
4.96000e+06 1 2.46519e+00 1.80605e+04 181.82563 1.21824e-15 0.76071 2.74289e-13 -2.68967e-13 5.37705e-14 0.00000e+00
5.12000e+06 1 2.24888e+00 1.98759e+04 181.51050 1.21210e-15 0.76085 3.29683e-13 6.01117e-14 3.24157e-13 0.00000e+00
5.28000e+06 1 2.60375e+00 1.69592e+04 181.65124 1.21484e-15 0.76079 2.46638e-13 -2.28359e-13 -9.31784e-14 0.00000e+00
5.44000e+06 1 2.65736e+00 1.65747e+04 181.82451 1.21822e-15 0.76071 2.37725e-13 3.75289e-15 -2.37696e-13 0.00000e+00
5.60000e+06 1 2.38775e+00 1.87069e+04 181.72430 1.21627e-15 0.76075 2.93775e-13 2.49002e-13 1.55890e-13 0.00000e+00
5.76000e+06 1 2.49849e+00 1.77835e+04 181.61116 1.21406e-15 0.76080 2.67866e-13 2.59736e-13 -6.54926e-14 0.00000e+00
5.92000e+06 1 1.82160e+00 2.40770e+04 182.02900 1.22222e-15 0.76062 5.07350e-13 -5.75477e-14 -5.04075e-13 0.00000e+00
6.08000e+06 1 2.26153e+00 1.97567e+04 181.80521 1.21785e-15 0.76072 3.27969e-13 6.22009e-14 3.22017e-13 0.00000e+00
6.24000e+06 1 2.03029e+00 2.19198e+04 181.51948 1.21228e-15 0.76084 4.02809e-13 2.53594e-13 3.12962e-13 0.00000e+00
6.40000e+06 1 2.12994e+00 2.09663e+04 182.15527 1.22469e-15 0.76056 3.70366e-13 -3.43536e-13 1.38397e-13 0.00000e+00
6.56000e+06 1 1.87328e+00 2.35079e+04 181.87413 1.21919e-15 0.76069 4.77968e-13 -4.27865e-13 2.13038e-13 0.00000e+00
6.72000e+06 1 2.41969e+00 1.84095e+04 181.42327 1.21040e-15 0.76089 2.83748e-13 2.26437e-13 -1.70995e-13 0.00000e+00
6.88000e+06 1 1.89803e+00 2.32659e+04 182.27842 1.22711e-15 0.76051 4.69232e-13 2.55625e-13 -3.93490e-13 0.00000e+00
7.04000e+06 1 2.55128e+00 1.73756e+04 181.93589 1.22040e-15 0.76066 2.58059e-13 -1.84192e-13 1.80741e-13 0.00000e+00
7.20000e+06 1 2.37547e+00 1.87754e+04 181.40574 1.21006e-15 0.76089 2.93520e-13 -2.09420e-13 2.05664e-13 0.00000e+00
7.36000e+06 1 2.40056e+00 1.85663e+04 182.26106 1.22677e-15 0.76051 2.93299e-13 2.11091e-13 -2.03629e-13 0.00000e+00
7.52000e+06 1 2.02249e+00 2.19714e+04 181.99177 1.22149e-15 0.76063 4.10812e-13 -1.44099e-13 3.84710e-13 0.00000e+00
7.68000e+06 1 2.36654e+00 1.88593e+04 181.46778 1.21127e-15 0.76087 2.98003e-13 1.22659e-13 2.71589e-13 0.00000e+00
7.84000e+06 1 2.40438e+00 1.85320e+04 182.26382 1.22682e-15 0.76051 2.92194e-13 -2.26662e-13 1.84396e-13 0.00000e+00
8.00000e+06 1 2.25566e+00 1.98177e+04 182.01855 1.22202e-15 0.76062 3.28501e-13 -4.26763e-14 3.25717e-13 0.00000e+00
8.16000e+06 1 2.04699e+00 2.17307e+04 181.52362 1.21236e-15 0.76084 3.97237e-13 3.90187e-13 7.45098e-14 0.00000e+00
8.32000e+06 1 2.64585e+00 1.66073e+04 182.16576 1.22490e-15 0.76056 2.41099e-13 -9.59298e-14 -2.21193e-13 0.00000e+00
8.48000e+06 1 2.40463e+00 1.85454e+04 182.02358 1.22211e-15 0.76062 2.89710e-13 1.28569e-13 -2.59619e-13 0.00000e+00
8.64000e+06 1 2.24994e+00 1.98605e+04 181.61518 1.21414e-15 0.76080 3.30298e-13 -1.76239e-13 2.79350e-13 0.00000e+00
8.80000e+06 1 1.92842e+00 2.29316e+04 182.03275 1.22229e-15 0.76062 4.52862e-13 2.83123e-13 -3.53448e-13 0.00000e+00
8.96000e+06 1 1.98189e+00 2.23841e+04 182.00142 1.22168e-15 0.76063 4.26690e-13 3.15794e-13 2.86947e-13 0.00000e+00
9.12000e+06 1 2.45773e+00 1.80961e+04 181.73989 1.21657e-15 0.76075 2.77356e-13 -2.72191e-13 -5.32763e-14 0.00000e+00
9.28000e+06 1 1.91078e+00 2.31089e+04 181.91286 1.21995e-15 0.76067 4.57250e-13 -5.53408e-14 4.53888e-13 0.00000e+00
9.44000e+06 1 2.60586e+00 1.69029e+04 182.05457 1.22272e-15 0.76061 2.48099e-13 2.28131e-13 -9.75159e-14 0.00000e+00
9.60000e+06 1 2.56315e+00 1.72603e+04 181.87925 1.21929e-15 0.76068 2.55244e-13 1.60387e-13 1.98559e-13 0.00000e+00
9.76000e+06 1 1.97878e+00 2.23990e+04 181.76290 1.21702e-15 0.76074 4.28181e-13 1.51320e-13 -4.00551e-13 0.00000e+00
9.92000e+06 1 2.01044e+00 2.20831e+04 182.05799 1.22279e-15 0.76060 4.16883e-13 1.64435e-13 -3.83083e-13 0.00000e+00
1.00800e+07 1 1.93897e+00 2.28086e+04 182.11030 1.22381e-15 0.76058 4.47293e-13 -2.21363e-13 3.88676e-13 0.00000e+00
1.02400e+07 1 2.22939e+00 2.00262e+04 181.72418 1.21626e-15 0.76075 3.36900e-13 2.09881e-13 2.63537e-13 0.00000e+00
1.04000e+07 1 2.58358e+00 1.70738e+04 181.94873 1.22065e-15 0.76065 2.51658e-13 2.51213e-13 -1.49559e-14 0.00000e+00
1.05600e+07 1 1.82134e+00 2.40664e+04 182.34025 1.22832e-15 0.76048 5.09485e-13 -1.08385e-13 -4.97823e-13 0.00000e+00
1.07200e+07 1 2.44179e+00 1.82097e+04 181.75773 1.21692e-15 0.76074 2.80659e-13 -2.62486e-13 -9.93490e-14 0.00000e+00
1.08800e+07 1 2.00884e+00 2.20882e+04 182.00663 1.22178e-15 0.76063 4.15837e-13 2.50372e-13 3.32016e-13 0.00000e+00
1.10400e+07 1 1.78682e+00 2.44580e+04 182.56320 1.23270e-15 0.76038 5.31774e-13 1.13232e-13 5.19579e-13 0.00000e+00
1.12000e+07 1 2.18164e+00 2.04318e+04 181.80084 1.21776e-15 0.76072 3.51496e-13 -6.14246e-14 3.46087e-13 0.00000e+00
1.13600e+07 1 1.94963e+00 2.26991e+04 182.03673 1.22237e-15 0.76061 4.42607e-13 -3.79994e-13 2.26947e-13 0.00000e+00
1.15200e+07 1 2.23820e+00 1.99358e+04 182.71428 1.23568e-15 0.76031 3.39903e-13 3.20895e-13 1.12074e-13 0.00000e+00
1.16800e+07 1 2.06709e+00 2.15048e+04 181.81810 1.21810e-15 0.76071 3.92824e-13 2.53953e-13 -2.99698e-13 0.00000e+00
1.18400e+07 1 2.57193e+00 1.71569e+04 182.20128 1.22559e-15 0.76054 2.54729e-13 -2.44588e-13 -7.11618e-14 0.00000e+00
1.20000e+07 1 2.71459e+00 1.60613e+04 182.55816 1.23260e-15 0.76038 2.30496e-13 -1.01779e-14 -2.30271e-13 0.00000e+00
1.21600e+07 1 2.20518e+00 2.02326e+04 181.80342 1.21781e-15 0.76072 3.45091e-13 -2.31764e-13 -2.55681e-13 0.00000e+00
1.23200e+07 1 2.64797e+00 1.65609e+04 182.41175 1.22973e-15 0.76045 2.40522e-13 2.10260e-13 -1.16796e-13 0.00000e+00
1.24800e+07 1 2.24966e+00 1.98183e+04 182.49431 1.23135e-15 0.76041 3.35254e-13 3.27192e-13 -7.30784e-14 0.00000e+00
1.26400e+07 1 2.25500e+00 1.97629e+04 181.90259 1.21975e-15 0.76067 3.30201e-13 -3.29135e-13 2.65126e-14 0.00000e+00
1.28000e+07 1 2.34062e+00 1.90456e+04 182.49314 1.23132e-15 0.76041 3.07932e-13 -2.86161e-13 -1.13727e-13 0.00000e+00
1.29600e+07 1 2.34981e+00 1.89506e+04 182.31480 1.22782e-15 0.76049 3.06152e-13 -2.40250e-13 1.89759e-13 0.00000e+00
1.31200e+07 1 2.48381e+00 1.78509e+04 182.06326 1.22289e-15 0.76060 2.71632e-13 -4.31989e-14 -2.68175e-13 0.00000e+00
1.32800e+07 1 2.50346e+00 1.76892e+04 182.45476 1.23057e-15 0.76043 2.70524e-13 2.05729e-13 -1.75667e-13 0.00000e+00
1.34400e+07 1 2.57040e+00 1.71477e+04 182.20679 1.22570e-15 0.76054 2.55641e-13 2.52764e-13 -3.82421e-14 0.00000e+00
1.36000e+07 1 2.54582e+00 1.73580e+04 182.15640 1.22472e-15 0.76056 2.58083e-13 2.57569e-13 -1.62662e-14 0.00000e+00
1.37600e+07 1 2.31332e+00 1.92465e+04 182.37045 1.22891e-15 0.76046 3.15876e-13 3.07336e-13 -7.29548e-14 0.00000e+00
1.39200e+07 1 2.14406e+00 2.07616e+04 182.30610 1.22765e-15 0.76049 3.67936e-13 -2.94757e-13 -2.20216e-13 0.00000e+00
1.40800e+07 1 2.26216e+00 1.96974e+04 182.11205 1.22385e-15 0.76058 3.27800e-13 1.00136e-13 3.12131e-13 0.00000e+00
1.42400e+07 1 1.91633e+00 2.30266e+04 182.54762 1.23240e-15 0.76038 4.61749e-13 4.07987e-13 -2.16238e-13 0.00000e+00
1.44000e+07 1 2.26997e+00 1.96186e+04 182.28034 1.22715e-15 0.76050 3.27422e-13 3.22309e-13 -5.76374e-14 0.00000e+00
1.45600e+07 1 2.48621e+00 1.78185e+04 182.08477 1.22331e-15 0.76059 2.72694e-13 3.53503e-16 -2.72694e-13 0.00000e+00
1.47200e+07 1 2.43313e+00 1.82438e+04 182.79405 1.23725e-15 0.76027 2.87058e-13 1.97170e-13 2.08630e-13 0.00000e+00
1.48800e+07 1 2.44283e+00 1.81545e+04 182.13336 1.22426e-15 0.76057 2.82658e-13 -9.16561e-14 2.67384e-13 0.00000e+00
1.50400e+07 1 2.51514e+00 1.75818e+04 182.25939 1.22673e-15 0.76051 2.67078e-13 1.81258e-13 1.96154e-13 0.00000e+00
1.52000e+07 1 2.35200e+00 1.89233e+04 182.86707 1.23869e-15 0.76024 3.08549e-13 -2.44846e-13 -1.87758e-13 0.00000e+00
1.53600e+07 1 2.11863e+00 2.09923e+04 182.02905 1.22222e-15 0.76062 3.74321e-13 3.59389e-13 -1.04669e-13 0.00000e+00
1.55200e+07 1 2.29371e+00 1.94026e+04 182.51283 1.23171e-15 0.76040 3.22454e-13 -2.89449e-13 1.42112e-13 0.00000e+00
1.56800e+07 1 1.99846e+00 2.21734e+04 182.79900 1.23735e-15 0.76027 4.24812e-13 1.49643e-13 3.97583e-13 0.00000e+00
1.58400e+07 1 2.13025e+00 2.08919e+04 181.97017 1.22107e-15 0.76064 3.69923e-13 -2.68413e-13 -2.54553e-13 0.00000e+00
1.60000e+07 1 2.02353e+00 2.19107e+04 182.72682 1.23592e-15 0.76030 4.15856e-13 -2.98705e-13 2.89329e-13 0.00000e+00
1.61600e+07 1 2.44301e+00 1.81518e+04 182.61334 1.23369e-15 0.76035 2.84250e-13 -2.79782e-13 5.02026e-14 0.00000e+00
1.63200e+07 1 2.36689e+00 1.87866e+04 182.06369 1.22290e-15 0.76060 2.99439e-13 3.19882e-15 2.99422e-13 0.00000e+00
1.64800e+07 1 2.65733e+00 1.64664e+04 182.74293 1.23624e-15 0.76030 2.40723e-13 -2.40226e-13 -1.54566e-14 0.00000e+00
1.66400e+07 1 2.33700e+00 1.90208e+04 182.36014 1.22871e-15 0.76047 3.09846e-13 -2.69862e-13 -1.52247e-13 0.00000e+00
1.68000e+07 1 2.00167e+00 2.21145e+04 182.22073 1.22598e-15 0.76053 4.21123e-13 5.03480e-14 4.18102e-13 0.00000e+00
1.69600e+07 1 2.01726e+00 2.19493e+04 182.73953 1.23617e-15 0.76030 4.16881e-13 -2.34087e-13 -3.44954e-13 0.00000e+00
1.71200e+07 1 2.01200e+00 2.20295e+04 182.32154 1.22795e-15 0.76049 4.17429e-13 -4.12236e-13 -6.56401e-14 0.00000e+00
1.72800e+07 1 2.51142e+00 1.75920e+04 182.39312 1.22936e-15 0.76045 2.68263e-13 1.60346e-13 2.15067e-13 0.00000e+00
1.74400e+07 1 2.39857e+00 1.85017e+04 182.65310 1.23447e-15 0.76034 2.95362e-13 6.11434e-14 2.88964e-13 0.00000e+00
1.76000e+07 1 1.98974e+00 2.22429e+04 182.41188 1.22973e-15 0.76045 4.27956e-13 3.35663e-13 -2.65474e-13 0.00000e+00
1.77600e+07 1 2.53560e+00 1.73894e+04 182.43647 1.23021e-15 0.76043 2.62857e-13 -2.22995e-13 -1.39164e-13 0.00000e+00
1.79200e+07 1 2.57711e+00 1.70650e+04 182.67518 1.23491e-15 0.76033 2.56054e-13 -1.19899e-13 -2.26248e-13 0.00000e+00
1.80800e+07 1 1.93047e+00 2.28538e+04 182.43321 1.23015e-15 0.76044 4.52553e-13 -2.94118e-13 3.43946e-13 0.00000e+00
1.82400e+07 1 2.43722e+00 1.81810e+04 182.53409 1.23213e-15 0.76039 2.85589e-13 2.74670e-13 7.82135e-14 0.00000e+00
1.84000e+07 1 1.85551e+00 2.36301e+04 182.82510 1.23786e-15 0.76026 4.95353e-13 -2.56208e-13 -4.23948e-13 0.00000e+00
1.85600e+07 1 1.99284e+00 2.22047e+04 182.31751 1.22787e-15 0.76049 4.25301e-13 -2.38204e-13 -3.52335e-13 0.00000e+00
1.87200e+07 1 2.62983e+00 1.66529e+04 182.91235 1.23958e-15 0.76022 2.46410e-13 9.28461e-14 2.28249e-13 0.00000e+00
1.88800e+07 1 2.52024e+00 1.75019e+04 182.70815 1.23556e-15 0.76031 2.68017e-13 -2.63989e-13 -4.62893e-14 0.00000e+00
1.90400e+07 1 2.15494e+00 2.06226e+04 182.40086 1.22951e-15 0.76045 3.63479e-13 -1.13134e-13 -3.45424e-13 0.00000e+00
1.92000e+07 1 2.60945e+00 1.68119e+04 183.17608 1.24480e-15 0.76010 2.50781e-13 -8.36023e-14 -2.36435e-13 0.00000e+00
1.93600e+07 1 2.43757e+00 1.81599e+04 182.28891 1.22731e-15 0.76050 2.83407e-13 3.92893e-14 -2.80671e-13 0.00000e+00
1.95200e+07 1 2.58622e+00 1.69938e+04 182.92121 1.23976e-15 0.76022 2.55035e-13 -1.09750e-13 -2.30213e-13 0.00000e+00
1.96800e+07 1 1.86116e+00 2.35536e+04 182.88472 1.23904e-15 0.76023 4.91918e-13 -4.33322e-13 -2.32842e-13 0.00000e+00
1.98400e+07 1 2.01800e+00 2.19421e+04 182.35503 1.22861e-15 0.76047 4.14278e-13 -3.65618e-13 1.94806e-13 0.00000e+00
2.00000e+07 1 2.65637e+00 1.64385e+04 183.28794 1.24701e-15 0.76005 2.43104e-13 6.89183e-14 2.33130e-13 0.00000e+00
2.01600e+07 1 2.36092e+00 1.87901e+04 182.45495 1.23057e-15 0.76043 3.03984e-13 8.45150e-14 2.91999e-13 0.00000e+00
2.03200e+07 1 2.30297e+00 1.92909e+04 182.73695 1.23612e-15 0.76030 3.20438e-13 -3.20242e-13 1.12071e-14 0.00000e+00
2.04800e+07 1 2.42926e+00 1.82367e+04 183.03366 1.24198e-15 0.76017 2.89447e-13 -2.22787e-13 1.84785e-13 0.00000e+00
2.06400e+07 1 2.15951e+00 2.05883e+04 182.34085 1.22833e-15 0.76048 3.62899e-13 2.62217e-13 -2.50873e-13 0.00000e+00
2.08000e+07 1 1.84330e+00 2.37624e+04 183.01857 1.24168e-15 0.76017 5.03395e-13 -7.84634e-14 4.97243e-13 0.00000e+00
2.09600e+07 1 2.24014e+00 1.98417e+04 182.65446 1.23450e-15 0.76034 3.38296e-13 -1.41263e-13 -3.07391e-13 0.00000e+00
2.11200e+07 1 2.45602e+00 1.79925e+04 182.53151 1.23208e-15 0.76039 2.81457e-13 1.36070e-13 -2.46380e-13 0.00000e+00
2.12800e+07 1 2.20932e+00 2.01067e+04 182.93111 1.23995e-15 0.76021 3.49331e-13 -1.33218e-13 3.22932e-13 0.00000e+00
2.14400e+07 1 2.05047e+00 2.16116e+04 182.54485 1.23234e-15 0.76039 4.03490e-13 -3.49960e-13 -2.00829e-13 0.00000e+00
2.16000e+07 1 2.22566e+00 1.99610e+04 182.70450 1.23548e-15 0.76031 3.43473e-13 -3.40778e-13 -4.29448e-14 0.00000e+00
2.17600e+07 1 2.20775e+00 2.01203e+04 182.83534 1.23806e-15 0.76025 3.48791e-13 -1.33142e-13 -3.22379e-13 0.00000e+00
2.19200e+07 1 2.12378e+00 2.09101e+04 182.59425 1.23331e-15 0.76036 3.74395e-13 2.46447e-13 -2.81843e-13 0.00000e+00
2.20800e+07 1 1.92398e+00 2.28904e+04 182.71715 1.23573e-15 0.76031 4.59684e-13 3.52054e-13 2.95579e-13 0.00000e+00
2.22400e+07 1 2.44532e+00 1.80929e+04 182.94032 1.24014e-15 0.76021 2.85784e-13 -1.55011e-13 -2.40092e-13 0.00000e+00
2.24000e+07 1 2.43218e+00 1.81863e+04 182.61361 1.23369e-15 0.76035 2.87382e-13 2.86022e-13 -2.79240e-14 0.00000e+00
2.25600e+07 1 1.86637e+00 2.34924e+04 182.94222 1.24017e-15 0.76021 4.88697e-13 -4.87032e-13 4.03047e-14 0.00000e+00
2.27200e+07 1 2.11600e+00 2.09566e+04 182.90541 1.23945e-15 0.76022 3.81033e-13 2.25443e-13 -3.07183e-13 0.00000e+00
2.28800e+07 1 2.43075e+00 1.81878e+04 182.64521 1.23432e-15 0.76034 2.87379e-13 2.79730e-13 6.58627e-14 0.00000e+00
2.30400e+07 1 2.46688e+00 1.78905e+04 183.33560 1.24796e-15 0.76003 2.82381e-13 -2.43597e-13 1.42827e-13 0.00000e+00
2.32000e+07 1 2.24898e+00 1.97387e+04 182.57954 1.23302e-15 0.76037 3.35876e-13 1.00915e-13 3.20358e-13 0.00000e+00
2.33600e+07 1 1.95697e+00 2.25267e+04 183.26451 1.24655e-15 0.76006 4.48525e-13 -7.10345e-14 -4.42865e-13 0.00000e+00
2.35200e+07 1 2.05056e+00 2.15785e+04 183.01700 1.24165e-15 0.76017 4.05779e-13 3.46036e-13 -2.11933e-13 0.00000e+00
2.36800e+07 1 1.99927e+00 2.21097e+04 182.82126 1.23779e-15 0.76026 4.26252e-13 3.51079e-13 -2.41733e-13 0.00000e+00
2.38400e+07 1 2.21178e+00 2.00625e+04 183.46671 1.25056e-15 0.75997 3.49632e-13 3.33567e-13 -1.04765e-13 0.00000e+00
2.40000e+07 1 2.07176e+00 2.13762e+04 182.54397 1.23232e-15 0.76039 3.95543e-13 -1.87530e-13 3.48262e-13 0.00000e+00
2.41600e+07 1 2.61475e+00 1.67112e+04 183.56064 1.25242e-15 0.75993 2.52424e-13 7.03644e-15 -2.52326e-13 0.00000e+00
2.43200e+07 1 2.08377e+00 2.12619e+04 182.78038 1.23698e-15 0.76028 3.92168e-13 -9.18420e-14 -3.81262e-13 0.00000e+00
2.44800e+07 1 1.93136e+00 2.27968e+04 183.10212 1.24333e-15 0.76013 4.57679e-13 -2.35477e-13 3.92455e-13 0.00000e+00
2.46400e+07 1 2.63630e+00 1.65363e+04 183.29636 1.24718e-15 0.76005 2.46566e-13 9.15240e-14 2.28950e-13 0.00000e+00
2.48000e+07 1 2.29779e+00 1.92990e+04 182.67319 1.23487e-15 0.76033 3.21611e-13 3.13167e-13 -7.32123e-14 0.00000e+00
2.49600e+07 1 2.21925e+00 1.99979e+04 183.42589 1.24975e-15 0.75999 3.49600e-13 -3.48722e-13 -2.47598e-14 0.00000e+00
2.51200e+07 1 2.44946e+00 1.80347e+04 182.72008 1.23579e-15 0.76031 2.83776e-13 -2.62430e-13 1.07980e-13 0.00000e+00
2.52800e+07 1 2.51296e+00 1.74960e+04 183.02352 1.24178e-15 0.76017 2.70540e-13 -1.73235e-13 2.07801e-13 0.00000e+00
2.54400e+07 1 2.09318e+00 2.11820e+04 183.06539 1.24261e-15 0.76015 3.89872e-13 -1.83798e-13 3.43829e-13 0.00000e+00
2.56000e+07 1 1.97917e+00 2.22827e+04 182.79810 1.23733e-15 0.76027 4.35106e-13 3.06750e-13 3.08579e-13 0.00000e+00
2.57600e+07 1 2.57838e+00 1.69796e+04 183.08425 1.24298e-15 0.76014 2.57631e-13 -6.28349e-15 -2.57555e-13 0.00000e+00
2.59200e+07 1 2.49910e+00 1.76152e+04 182.92773 1.23989e-15 0.76021 2.73108e-13 2.34499e-13 -1.39993e-13 0.00000e+00
2.60800e+07 1 1.94485e+00 2.26347e+04 182.92250 1.23978e-15 0.76022 4.51248e-13 -4.45974e-13 6.87878e-14 0.00000e+00
2.62400e+07 1 2.26314e+00 1.96016e+04 183.16703 1.24462e-15 0.76011 3.34852e-13 2.10345e-13 -2.60540e-13 0.00000e+00
2.64000e+07 1 2.44578e+00 1.80595e+04 182.86988 1.23875e-15 0.76024 2.85117e-13 2.25147e-13 1.74930e-13 0.00000e+00
2.65600e+07 1 2.23012e+00 1.98823e+04 183.04839 1.24227e-15 0.76016 3.44139e-13 3.38881e-13 -5.99306e-14 0.00000e+00
2.67200e+07 1 2.06961e+00 2.14007e+04 183.21165 1.24550e-15 0.76009 3.99638e-13 3.63402e-13 1.66281e-13 0.00000e+00
2.68800e+07 1 2.41834e+00 1.82747e+04 182.80639 1.23749e-15 0.76027 2.91490e-13 -2.68618e-13 1.13184e-13 0.00000e+00
2.70400e+07 1 1.84369e+00 2.37232e+04 183.47835 1.25079e-15 0.75996 5.05676e-13 4.28136e-13 2.69087e-13 0.00000e+00
2.72000e+07 1 2.18352e+00 2.03145e+04 182.88396 1.23902e-15 0.76023 3.58098e-13 -2.72913e-13 2.31847e-13 0.00000e+00
2.73600e+07 1 2.57922e+00 1.69568e+04 183.32362 1.24772e-15 0.76003 2.57433e-13 -2.48055e-13 -6.88515e-14 0.00000e+00
2.75200e+07 1 2.28012e+00 1.94335e+04 183.25731 1.24641e-15 0.76006 3.29738e-13 3.28766e-13 -2.53018e-14 0.00000e+00
2.76800e+07 1 2.02494e+00 2.18215e+04 182.99751 1.24127e-15 0.76018 4.16625e-13 3.79466e-13 1.71993e-13 0.00000e+00
2.78400e+07 1 2.66438e+00 1.62896e+04 183.68282 1.25485e-15 0.75987 2.42848e-13 2.23923e-13 -9.39864e-14 0.00000e+00
2.80000e+07 1 2.36511e+00 1.87173e+04 182.79337 1.23724e-15 0.76027 3.04470e-13 2.91068e-13 -8.93379e-14 0.00000e+00
2.81600e+07 1 2.40407e+00 1.83648e+04 183.85412 1.25826e-15 0.75979 2.98559e-13 1.29773e-13 -2.68880e-13 0.00000e+00
2.83200e+07 1 2.18395e+00 2.02841e+04 182.91955 1.23973e-15 0.76022 3.58090e-13 -2.80117e-13 2.23077e-13 0.00000e+00
2.84800e+07 1 2.53786e+00 1.72819e+04 183.62839 1.25377e-15 0.75990 2.68185e-13 1.41516e-13 2.27808e-13 0.00000e+00
2.86400e+07 1 2.52643e+00 1.73615e+04 183.28133 1.24688e-15 0.76005 2.68801e-13 7.23413e-14 2.58883e-13 0.00000e+00
2.88000e+07 1 2.52030e+00 1.74249e+04 183.25185 1.24630e-15 0.76007 2.69929e-13 7.02564e-14 2.60626e-13 0.00000e+00
2.89600e+07 1 2.62299e+00 1.65992e+04 183.55554 1.25232e-15 0.75993 2.49934e-13 -1.65672e-13 1.87136e-13 0.00000e+00
2.91200e+07 1 2.00883e+00 2.19535e+04 182.98927 1.24110e-15 0.76019 4.22944e-13 -5.56736e-14 -4.19263e-13 0.00000e+00
2.92800e+07 1 2.08467e+00 2.12359e+04 183.65368 1.25427e-15 0.75988 3.97382e-13 -1.07851e-13 -3.82466e-13 0.00000e+00
2.94400e+07 1 2.43333e+00 1.81081e+04 183.04821 1.24227e-15 0.76016 2.89038e-13 -2.83539e-13 -5.61120e-14 0.00000e+00
2.96000e+07 1 2.55938e+00 1.71137e+04 183.41066 1.24945e-15 0.76000 2.62522e-13 -2.22069e-13 -1.40010e-13 0.00000e+00
2.97600e+07 1 2.31845e+00 1.90789e+04 183.31328 1.24752e-15 0.76004 3.19547e-13 -3.16994e-13 -4.03125e-14 0.00000e+00
2.99200e+07 1 2.39517e+00 1.84403e+04 183.14100 1.24410e-15 0.76012 2.98570e-13 1.10297e-13 -2.77450e-13 0.00000e+00
3.00800e+07 1 2.45400e+00 1.79506e+04 183.41050 1.24944e-15 0.76000 2.84537e-13 2.29325e-13 -1.68438e-13 0.00000e+00
3.02400e+07 1 2.08069e+00 2.12652e+04 183.08496 1.24299e-15 0.76014 3.95309e-13 -3.94721e-13 -2.15520e-14 0.00000e+00
3.04000e+07 1 2.45129e+00 1.79816e+04 183.37880 1.24881e-15 0.76001 2.85712e-13 2.72458e-13 -8.60110e-14 0.00000e+00
3.05600e+07 1 1.99586e+00 2.20983e+04 183.16006 1.24448e-15 0.76011 4.30297e-13 -1.94170e-13 3.83996e-13 0.00000e+00
3.07200e+07 1 1.94240e+00 2.26298e+04 183.26910 1.24664e-15 0.76006 4.55288e-13 -1.40345e-13 4.33117e-13 0.00000e+00
3.08800e+07 1 1.94631e+00 2.26062e+04 183.36479 1.24854e-15 0.76002 4.54010e-13 -2.76959e-13 -3.59748e-13 0.00000e+00
3.10400e+07 1 2.12701e+00 2.08031e+04 183.07331 1.24276e-15 0.76015 3.78527e-13 -2.30790e-13 -3.00031e-13 0.00000e+00
3.12000e+07 1 1.80571e+00 2.41275e+04 183.60258 1.25326e-15 0.75991 5.27551e-13 -4.83801e-13 -2.10349e-13 0.00000e+00
3.13600e+07 1 2.06237e+00 2.14254e+04 182.92573 1.23985e-15 0.76021 4.01664e-13 -3.85149e-13 -1.13992e-13 0.00000e+00
3.15200e+07 1 1.79188e+00 2.42766e+04 183.71787 1.25555e-15 0.75986 5.38734e-13 -4.61474e-13 -2.77985e-13 0.00000e+00
3.16800e+07 1 2.12257e+00 2.08550e+04 182.94315 1.24019e-15 0.76021 3.79292e-13 -3.17673e-13 -2.07235e-13 0.00000e+00
3.18400e+07 1 1.81634e+00 2.39916e+04 183.69936 1.25518e-15 0.75986 5.24262e-13 -4.00273e-13 -3.38573e-13 0.00000e+00
3.20000e+07 1 2.44428e+00 1.80156e+04 183.07058 1.24271e-15 0.76015 2.86092e-13 -2.38070e-13 1.58655e-13 0.00000e+00
3.21600e+07 1 2.59323e+00 1.68475e+04 183.48301 1.25088e-15 0.75996 2.55531e-13 8.26471e-16 2.55529e-13 0.00000e+00
3.23200e+07 1 2.43593e+00 1.80806e+04 183.39689 1.24917e-15 0.76000 2.89656e-13 -1.59751e-13 2.41620e-13 0.00000e+00
3.24800e+07 1 2.32967e+00 1.89990e+04 183.21146 1.24550e-15 0.76009 3.16192e-13 1.80097e-13 2.59889e-13 0.00000e+00
3.26400e+07 1 1.85073e+00 2.36241e+04 183.65469 1.25429e-15 0.75988 5.04617e-13 4.60428e-13 -2.06506e-13 0.00000e+00
3.28000e+07 1 2.07122e+00 2.13527e+04 182.93116 1.23996e-15 0.76021 3.97679e-13 3.66363e-13 1.54682e-13 0.00000e+00
3.29600e+07 1 2.61387e+00 1.66776e+04 183.73823 1.25596e-15 0.75985 2.52936e-13 -1.07337e-13 -2.29032e-13 0.00000e+00
3.31200e+07 1 2.22017e+00 1.99613e+04 183.03669 1.24204e-15 0.76016 3.47225e-13 3.46615e-13 2.05725e-14 0.00000e+00
3.32800e+07 1 2.45978e+00 1.79086e+04 183.41349 1.24950e-15 0.75999 2.84519e-13 -1.74664e-13 -2.24596e-13 0.00000e+00
3.34400e+07 1 1.98775e+00 2.21685e+04 183.39084 1.24905e-15 0.76000 4.34949e-13 -1.33369e-13 4.13997e-13 0.00000e+00
3.36000e+07 1 2.41506e+00 1.82482e+04 183.10797 1.24345e-15 0.76013 2.93728e-13 2.91504e-13 -3.60766e-14 0.00000e+00
3.37600e+07 1 2.22631e+00 1.98908e+04 183.54134 1.25204e-15 0.75994 3.47130e-13 2.04699e-13 -2.80353e-13 0.00000e+00
3.39200e+07 1 2.07639e+00 2.12860e+04 183.13293 1.24394e-15 0.76012 3.97538e-13 1.83543e-13 -3.52631e-13 0.00000e+00
3.40800e+07 1 2.35473e+00 1.87760e+04 183.35044 1.24825e-15 0.76002 3.09650e-13 2.94739e-13 9.49307e-14 0.00000e+00
3.42400e+07 1 2.52178e+00 1.73883e+04 183.38174 1.24887e-15 0.76001 2.70182e-13 -1.46925e-13 2.26741e-13 0.00000e+00
3.44000e+07 1 2.33450e+00 1.89296e+04 183.18103 1.24490e-15 0.76010 3.14730e-13 -3.04744e-13 -7.86510e-14 0.00000e+00
3.45600e+07 1 1.89907e+00 2.30705e+04 183.46977 1.25062e-15 0.75997 4.75929e-13 3.71479e-13 -2.97509e-13 0.00000e+00
3.47200e+07 1 2.04190e+00 2.16315e+04 183.30981 1.24745e-15 0.76004 4.12233e-13 3.70103e-13 -1.81546e-13 0.00000e+00
3.48800e+07 1 2.24100e+00 1.97370e+04 183.35327 1.24831e-15 0.76002 3.41954e-13 7.82251e-14 -3.32887e-13 0.00000e+00
3.50400e+07 1 2.46764e+00 1.78294e+04 183.58417 1.25289e-15 0.75992 2.82930e-13 1.16234e-13 -2.57952e-13 0.00000e+00
3.52000e+07 1 2.23104e+00 1.98271e+04 183.15825 1.24444e-15 0.76011 3.44500e-13 3.12565e-13 -1.44856e-13 0.00000e+00
3.53600e+07 1 1.85353e+00 2.35552e+04 183.85883 1.25836e-15 0.75979 5.04571e-13 -4.25232e-13 2.71605e-13 0.00000e+00
3.55200e+07 1 2.11026e+00 2.09617e+04 183.19196 1.24511e-15 0.76009 3.84613e-13 -8.01515e-15 3.84529e-13 0.00000e+00
3.56800e+07 1 1.95050e+00 2.25235e+04 183.81673 1.25752e-15 0.75981 4.54829e-13 9.53011e-14 4.44733e-13 0.00000e+00
3.58400e+07 1 2.04661e+00 2.15672e+04 183.46101 1.25045e-15 0.75997 4.09466e-13 -3.30311e-13 2.41985e-13 0.00000e+00
3.60000e+07 1 2.20568e+00 2.00746e+04 183.57544 1.25272e-15 0.75992 3.54322e-13 -4.46457e-14 -3.51498e-13 0.00000e+00
3.61600e+07 1 2.59052e+00 1.68362e+04 183.78016 1.25679e-15 0.75983 2.57443e-13 9.98143e-14 2.37306e-13 0.00000e+00
3.63200e+07 1 2.09267e+00 2.11285e+04 183.34757 1.24820e-15 0.76002 3.92284e-13 -6.94126e-14 -3.86094e-13 0.00000e+00
3.64800e+07 1 2.63589e+00 1.64746e+04 184.07152 1.26260e-15 0.75969 2.50411e-13 -1.52015e-14 2.49949e-13 0.00000e+00
3.66400e+07 1 2.31294e+00 1.90944e+04 183.18628 1.24500e-15 0.76010 3.19973e-13 3.05029e-13 9.66418e-14 0.00000e+00
3.68000e+07 1 2.06271e+00 2.14069e+04 184.20354 1.26524e-15 0.75963 4.09534e-13 4.08629e-13 2.72108e-14 0.00000e+00
3.69600e+07 1 2.28657e+00 1.93208e+04 183.23946 1.24605e-15 0.76007 3.27419e-13 1.15340e-13 3.06431e-13 0.00000e+00
3.71200e+07 1 2.62182e+00 1.65578e+04 184.21050 1.26538e-15 0.75963 2.52157e-13 -1.82263e-13 1.74251e-13 0.00000e+00
3.72800e+07 1 2.23433e+00 1.97864e+04 183.37154 1.24867e-15 0.76001 3.44419e-13 7.55962e-14 3.36021e-13 0.00000e+00
3.74400e+07 1 2.33586e+00 1.89030e+04 184.03519 1.26188e-15 0.75971 3.18358e-13 1.38845e-13 2.86486e-13 0.00000e+00
3.76000e+07 1 2.46784e+00 1.78046e+04 183.50322 1.25128e-15 0.75995 2.82968e-13 -2.82367e-13 1.84361e-14 0.00000e+00
3.77600e+07 1 1.90237e+00 2.30382e+04 183.86731 1.25853e-15 0.75979 4.78153e-13 4.76552e-13 3.91025e-14 0.00000e+00
3.79200e+07 1 1.91032e+00 2.29262e+04 183.63227 1.25385e-15 0.75989 4.71894e-13 4.44939e-13 -1.57204e-13 0.00000e+00
3.80800e+07 1 2.50639e+00 1.74618e+04 183.69708 1.25514e-15 0.75987 2.74644e-13 -2.00673e-13 1.87509e-13 0.00000e+00
3.82400e+07 1 1.88468e+00 2.32007e+04 183.79206 1.25703e-15 0.75982 4.84967e-13 3.91878e-13 2.85699e-13 0.00000e+00
3.84000e+07 1 2.04882e+00 2.15316e+04 183.58336 1.25288e-15 0.75992 4.10047e-13 1.54186e-13 -3.79954e-13 0.00000e+00
3.85600e+07 1 2.05802e+00 2.14224e+04 183.87166 1.25861e-15 0.75979 4.08956e-13 2.10308e-13 -3.50735e-13 0.00000e+00
3.87200e+07 1 2.16873e+00 2.03682e+04 183.49805 1.25118e-15 0.75996 3.66120e-13 -1.21468e-13 3.45383e-13 0.00000e+00
3.88800e+07 1 1.95775e+00 2.24291e+04 183.94797 1.26014e-15 0.75975 4.53056e-13 3.77040e-13 -2.51198e-13 0.00000e+00
3.90400e+07 1 2.41828e+00 1.81994e+04 183.56309 1.25247e-15 0.75993 2.94875e-13 -7.04339e-14 -2.86339e-13 0.00000e+00
3.92000e+07 1 2.06845e+00 2.13389e+04 183.97656 1.26071e-15 0.75974 4.04308e-13 -1.60335e-13 3.71158e-13 0.00000e+00
3.93600e+07 1 2.46584e+00 1.78018e+04 183.65964 1.25439e-15 0.75988 2.84280e-13 -1.27525e-13 -2.54072e-13 0.00000e+00
3.95200e+07 1 2.21709e+00 1.99339e+04 184.02991 1.26177e-15 0.75971 3.52613e-13 -2.61703e-13 2.36320e-13 0.00000e+00
3.96800e+07 1 2.41120e+00 1.82416e+04 183.80249 1.25724e-15 0.75982 2.96394e-13 1.74592e-13 -2.39514e-13 0.00000e+00
3.98400e+07 1 2.58056e+00 1.68561e+04 184.01887 1.26155e-15 0.75972 2.60913e-13 -2.02122e-13 -1.64992e-13 0.00000e+00
4.00000e+07 1 2.14908e+00 2.05393e+04 183.86487 1.25848e-15 0.75979 3.73619e-13 3.73304e-13 -1.53416e-14 0.00000e+00
4.01600e+07 1 2.08855e+00 2.11233e+04 184.16598 1.26449e-15 0.75965 3.99454e-13 2.31794e-13 -3.25323e-13 0.00000e+00
4.03200e+07 1 2.02642e+00 2.17370e+04 183.88820 1.25894e-15 0.75978 4.22469e-13 -3.85157e-13 1.73592e-13 0.00000e+00
4.04800e+07 1 2.40814e+00 1.82497e+04 184.16655 1.26450e-15 0.75965 2.99319e-13 -4.12745e-14 -2.96459e-13 0.00000e+00
4.06400e+07 1 2.48880e+00 1.75817e+04 183.94907 1.26016e-15 0.75975 2.80258e-13 1.39342e-13 -2.43163e-13 0.00000e+00
4.08000e+07 1 2.56896e+00 1.69304e+04 184.09780 1.26313e-15 0.75968 2.62573e-13 -1.99440e-13 -1.70788e-13 0.00000e+00
4.09600e+07 1 2.41488e+00 1.81860e+04 183.99259 1.26103e-15 0.75973 2.96449e-13 2.28435e-13 -1.88944e-13 0.00000e+00
4.11200e+07 1 2.19902e+00 2.00728e+04 184.05840 1.26234e-15 0.75970 3.59160e-13 -2.48949e-13 2.58884e-13 0.00000e+00
4.12800e+07 1 1.87058e+00 2.33444e+04 184.01051 1.26138e-15 0.75972 4.96741e-13 -1.88271e-13 4.59680e-13 0.00000e+00
4.14400e+07 1 2.42312e+00 1.81158e+04 184.05143 1.26220e-15 0.75970 2.96227e-13 -2.93975e-13 3.64594e-14 0.00000e+00
4.16000e+07 1 2.29759e+00 1.91854e+04 184.00882 1.26135e-15 0.75972 3.29027e-13 2.87270e-13 -1.60420e-13 0.00000e+00
4.17600e+07 1 2.52366e+00 1.72965e+04 184.09430 1.26306e-15 0.75968 2.73232e-13 -1.63172e-13 -2.19159e-13 0.00000e+00
4.19200e+07 1 2.00702e+00 2.19255e+04 184.03544 1.26188e-15 0.75971 4.31627e-13 -3.16752e-13 2.93207e-13 0.00000e+00
4.20800e+07 1 2.14596e+00 2.05486e+04 184.03449 1.26186e-15 0.75971 3.77571e-13 -2.04744e-13 3.17238e-13 0.00000e+00
4.22400e+07 1 2.48740e+00 1.75739e+04 184.01278 1.26143e-15 0.75972 2.80493e-13 -3.98941e-14 -2.77641e-13 0.00000e+00
4.24000e+07 1 2.43343e+00 1.80173e+04 184.01237 1.26142e-15 0.75972 2.92893e-13 -2.89215e-13 4.62726e-14 0.00000e+00
4.25600e+07 1 2.49392e+00 1.75227e+04 184.04967 1.26217e-15 0.75970 2.78536e-13 -8.81460e-14 -2.64221e-13 0.00000e+00
4.27200e+07 1 2.43372e+00 1.80168e+04 183.97170 1.26061e-15 0.75974 2.92769e-13 -2.88798e-13 4.80595e-14 0.00000e+00
4.28800e+07 1 2.28343e+00 1.93084e+04 184.20743 1.26532e-15 0.75963 3.34282e-13 -2.92331e-13 1.62133e-13 0.00000e+00
4.30400e+07 1 2.30479e+00 1.91112e+04 183.92578 1.25969e-15 0.75976 3.26470e-13 -2.24101e-13 2.37406e-13 0.00000e+00
4.32000e+07 1 2.43977e+00 1.79595e+04 184.30930 1.26736e-15 0.75959 2.93121e-13 -9.59412e-14 -2.76975e-13 0.00000e+00
4.33600e+07 1 1.95677e+00 2.23977e+04 183.92148 1.25961e-15 0.75976 4.53218e-13 4.46247e-13 7.91899e-14 0.00000e+00
4.35200e+07 1 2.60078e+00 1.66519e+04 184.43847 1.26994e-15 0.75953 2.57943e-13 -2.44566e-13 -8.19876e-14 0.00000e+00
4.36800e+07 1 2.18251e+00 2.02200e+04 183.98147 1.26080e-15 0.75974 3.63510e-13 -2.22374e-13 -2.87558e-13 0.00000e+00
4.38400e+07 1 2.58266e+00 1.67946e+04 184.40260 1.26923e-15 0.75954 2.62108e-13 -2.59921e-13 -3.37862e-14 0.00000e+00
4.40000e+07 1 2.48106e+00 1.76195e+04 184.12195 1.26361e-15 0.75967 2.81369e-13 -1.89379e-13 2.08097e-13 0.00000e+00
4.41600e+07 1 2.46936e+00 1.77066e+04 184.34886 1.26815e-15 0.75957 2.86459e-13 -2.60706e-13 -1.18706e-13 0.00000e+00
4.43200e+07 1 2.54491e+00 1.70971e+04 184.33721 1.26792e-15 0.75957 2.69216e-13 -1.90731e-14 2.68539e-13 0.00000e+00
4.44800e+07 1 2.48458e+00 1.75769e+04 184.26273 1.26642e-15 0.75961 2.81119e-13 -2.80960e-13 -9.45890e-15 0.00000e+00
4.46400e+07 1 2.60699e+00 1.66005e+04 184.60064 1.27320e-15 0.75945 2.57727e-13 3.78844e-14 2.54927e-13 0.00000e+00
4.48000e+07 1 2.40579e+00 1.82227e+04 184.06927 1.26256e-15 0.75970 3.00348e-13 -2.93780e-13 6.24676e-14 0.00000e+00
4.49600e+07 1 2.36190e+00 1.85911e+04 184.80088 1.27722e-15 0.75936 3.14919e-13 3.09335e-13 5.90376e-14 0.00000e+00
4.51200e+07 1 2.04794e+00 2.14743e+04 183.95259 1.26023e-15 0.75975 4.13566e-13 -2.08567e-13 -3.57122e-13 0.00000e+00
4.52800e+07 1 2.65489e+00 1.62129e+04 184.91898 1.27960e-15 0.75931 2.49636e-13 1.79221e-13 1.73776e-13 0.00000e+00
4.54400e+07 1 2.23635e+00 1.96938e+04 183.87218 1.25862e-15 0.75979 3.45495e-13 -2.32966e-13 2.55135e-13 0.00000e+00
4.56000e+07 1 2.65444e+00 1.62174e+04 184.90608 1.27934e-15 0.75931 2.49610e-13 2.10561e-13 1.34049e-13 0.00000e+00
4.57600e+07 1 2.13144e+00 2.06774e+04 183.94741 1.26012e-15 0.75975 3.80823e-13 -2.18280e-15 -3.80816e-13 0.00000e+00
4.59200e+07 1 2.39977e+00 1.82636e+04 184.81314 1.27747e-15 0.75936 3.03597e-13 2.39205e-13 -1.86956e-13 0.00000e+00
4.60800e+07 1 1.99391e+00 2.19975e+04 184.08530 1.26288e-15 0.75969 4.36915e-13 -1.65568e-13 4.04329e-13 0.00000e+00
4.62400e+07 1 1.81465e+00 2.39290e+04 184.60654 1.27332e-15 0.75945 5.31960e-13 -4.20577e-13 3.25724e-13 0.00000e+00
4.64000e+07 1 2.28608e+00 1.92438e+04 184.23352 1.26584e-15 0.75962 3.31916e-13 3.31915e-13 5.75845e-16 0.00000e+00
4.65600e+07 1 1.97569e+00 2.21883e+04 184.47151 1.27061e-15 0.75951 4.48557e-13 -4.37420e-13 -9.93325e-14 0.00000e+00
4.67200e+07 1 2.34669e+00 1.87206e+04 184.26118 1.26639e-15 0.75961 3.16837e-13 2.49041e-13 -1.95867e-13 0.00000e+00
4.68800e+07 1 1.85423e+00 2.34815e+04 184.49740 1.27113e-15 0.75950 5.09354e-13 -2.77585e-13 4.27069e-13 0.00000e+00
4.70400e+07 1 2.48175e+00 1.75926e+04 184.32793 1.26773e-15 0.75958 2.83368e-13 -1.34698e-13 -2.49306e-13 0.00000e+00
4.72000e+07 1 2.12334e+00 2.07245e+04 184.50891 1.27136e-15 0.75949 3.88392e-13 -3.67897e-13 1.24500e-13 0.00000e+00
4.73600e+07 1 2.31248e+00 1.90136e+04 184.41814 1.26954e-15 0.75954 3.26799e-13 -4.47134e-14 -3.23725e-13 0.00000e+00
4.75200e+07 1 2.06084e+00 2.13282e+04 184.46138 1.27040e-15 0.75952 4.11325e-13 -2.02991e-13 3.57747e-13 0.00000e+00
4.76800e+07 1 2.39236e+00 1.83217e+04 184.59767 1.27314e-15 0.75945 3.05950e-13 -1.35185e-13 2.74464e-13 0.00000e+00
4.78400e+07 1 1.95583e+00 2.23957e+04 184.34477 1.26807e-15 0.75957 4.55629e-13 2.57484e-13 3.75898e-13 0.00000e+00
4.80000e+07 1 1.95650e+00 2.23832e+04 184.89137 1.27904e-15 0.75932 4.58541e-13 -1.99144e-13 -4.13039e-13 0.00000e+00
4.81600e+07 1 2.00923e+00 2.18495e+04 184.17019 1.26457e-15 0.75965 4.30733e-13 4.30497e-13 1.42697e-14 0.00000e+00
4.83200e+07 1 1.70974e+00 2.51245e+04 185.15793 1.28442e-15 0.75920 6.05465e-13 2.93461e-13 -5.29592e-13 0.00000e+00
4.84800e+07 1 2.06137e+00 2.13269e+04 184.11364 1.26344e-15 0.75968 4.06898e-13 1.18818e-13 -3.89164e-13 0.00000e+00
4.86400e+07 1 2.31807e+00 1.89427e+04 185.13951 1.28404e-15 0.75921 3.28417e-13 3.08642e-13 1.12241e-13 0.00000e+00
4.88000e+07 1 2.03323e+00 2.15823e+04 184.26259 1.26642e-15 0.75961 4.22132e-13 -3.20018e-13 2.75288e-13 0.00000e+00
4.89600e+07 1 1.76566e+00 2.44586e+04 184.95768 1.28038e-15 0.75929 5.64725e-13 -4.03240e-13 -3.95363e-13 0.00000e+00
4.91200e+07 1 2.23130e+00 1.97250e+04 184.67165 1.27462e-15 0.75942 3.52525e-13 -2.82341e-14 -3.51392e-13 0.00000e+00
4.92800e+07 1 1.87597e+00 2.32233e+04 184.60472 1.27328e-15 0.75945 4.98175e-13 -4.92506e-13 -7.49429e-14 0.00000e+00
4.94400e+07 1 2.37988e+00 1.84176e+04 185.08870 1.28302e-15 0.75923 3.12110e-13 -7.50493e-14 -3.02952e-13 0.00000e+00
4.96000e+07 1 2.31341e+00 1.89783e+04 184.31877 1.26755e-15 0.75958 3.26269e-13 3.18305e-13 7.16478e-14 0.00000e+00
4.97600e+07 1 2.03724e+00 2.15363e+04 185.23256 1.28592e-15 0.75916 4.26951e-13 4.13228e-13 1.07376e-13 0.00000e+00
4.99200e+07 1 2.02101e+00 2.17140e+04 184.28754 1.26692e-15 0.75960 4.27292e-13 5.72986e-14 4.23433e-13 0.00000e+00
5.00800e+07 1 2.21632e+00 1.98364e+04 185.10844 1.28342e-15 0.75922 3.59060e-13 2.76931e-13 -2.28546e-13 0.00000e+00
5.02400e+07 1 2.42635e+00 1.79963e+04 184.48162 1.27081e-15 0.75951 2.97411e-13 -2.86891e-13 -7.84038e-14 0.00000e+00
5.04000e+07 1 2.38544e+00 1.83633e+04 184.84135 1.27804e-15 0.75934 3.09169e-13 -7.59720e-14 -2.99690e-13 0.00000e+00
5.05600e+07 1 1.91121e+00 2.28253e+04 184.73037 1.27580e-15 0.75939 4.78931e-13 1.24914e-13 -4.62355e-13 0.00000e+00
5.07200e+07 1 2.24179e+00 1.96190e+04 184.63772 1.27394e-15 0.75944 3.48851e-13 -2.46669e-13 -2.46681e-13 0.00000e+00
5.08800e+07 1 1.84122e+00 2.35857e+04 184.81544 1.27751e-15 0.75935 5.18792e-13 2.26754e-13 -4.66613e-13 0.00000e+00
5.10400e+07 1 2.44424e+00 1.78464e+04 184.60803 1.27335e-15 0.75945 2.93661e-13 -7.58930e-14 2.83685e-13 0.00000e+00
5.12000e+07 1 2.34539e+00 1.86990e+04 184.86612 1.27853e-15 0.75933 3.20221e-13 3.18409e-13 3.40206e-14 0.00000e+00
5.13600e+07 1 2.27267e+00 1.93300e+04 184.53958 1.27197e-15 0.75948 3.39009e-13 -1.75700e-13 2.89925e-13 0.00000e+00
5.15200e+07 1 2.43763e+00 1.79032e+04 185.08627 1.28297e-15 0.75923 2.96257e-13 1.52319e-13 2.54100e-13 0.00000e+00
5.16800e+07 1 2.00959e+00 2.18160e+04 184.47341 1.27064e-15 0.75951 4.33159e-13 -4.00360e-13 -1.65346e-13 0.00000e+00
5.18400e+07 1 2.22899e+00 1.97114e+04 185.18714 1.28501e-15 0.75918 3.55027e-13 -6.03460e-14 -3.49861e-13 0.00000e+00
5.20000e+07 1 2.02119e+00 2.16808e+04 184.57601 1.27270e-15 0.75946 4.28856e-13 3.63238e-13 2.27981e-13 0.00000e+00
5.21600e+07 1 1.94292e+00 2.24846e+04 185.02624 1.28176e-15 0.75926 4.65982e-13 2.67205e-13 3.81760e-13 0.00000e+00
5.23200e+07 1 1.83362e+00 2.36667e+04 184.95985 1.28042e-15 0.75929 5.23469e-13 2.98246e-13 4.30197e-13 0.00000e+00
5.24800e+07 1 2.15542e+00 2.03746e+04 184.69890 1.27517e-15 0.75941 3.77690e-13 -3.68803e-13 8.14479e-14 0.00000e+00
5.26400e+07 1 1.69883e+00 2.52299e+04 185.48557 1.29104e-15 0.75905 6.16131e-13 6.13556e-13 -5.62760e-14 0.00000e+00
5.28000e+07 1 2.05714e+00 2.13298e+04 184.42616 1.26970e-15 0.75953 4.10457e-13 3.80126e-13 -1.54852e-13 0.00000e+00
5.29600e+07 1 2.52279e+00 1.71856e+04 185.53366 1.29201e-15 0.75902 2.79688e-13 -2.78725e-13 2.31985e-14 0.00000e+00
5.31200e+07 1 1.94467e+00 2.24734e+04 184.68181 1.27483e-15 0.75942 4.64487e-13 -3.86770e-13 -2.57211e-13 0.00000e+00
5.32800e+07 1 2.36299e+00 1.85353e+04 185.08203 1.28288e-15 0.75923 3.15457e-13 1.92795e-13 2.49686e-13 0.00000e+00
5.34400e+07 1 2.57592e+00 1.67505e+04 185.27907 1.28686e-15 0.75914 2.67220e-13 2.36092e-13 1.25169e-13 0.00000e+00
5.36000e+07 1 2.07122e+00 2.11709e+04 184.55478 1.27228e-15 0.75947 4.06881e-13 6.66724e-14 -4.01381e-13 0.00000e+00
5.37600e+07 1 1.73069e+00 2.48385e+04 185.60479 1.29346e-15 0.75899 5.94311e-13 -3.27043e-13 4.96235e-13 0.00000e+00
5.39200e+07 1 2.03935e+00 2.14958e+04 184.57848 1.27275e-15 0.75946 4.21353e-13 -2.89538e-13 3.06114e-13 0.00000e+00
5.40800e+07 1 2.51586e+00 1.72336e+04 185.23974 1.28607e-15 0.75916 2.78496e-13 1.97055e-13 -1.96797e-13 0.00000e+00
5.42400e+07 1 1.91268e+00 2.28030e+04 184.93970 1.28002e-15 0.75930 4.81883e-13 4.75723e-13 -7.68041e-14 0.00000e+00
5.44000e+07 1 2.43464e+00 1.79122e+04 184.82635 1.27773e-15 0.75935 2.96956e-13 -1.17512e-13 -2.72715e-13 0.00000e+00
5.45600e+07 1 2.37830e+00 1.83742e+04 185.30089 1.28730e-15 0.75913 3.13039e-13 -1.14784e-13 2.91235e-13 0.00000e+00
5.47200e+07 1 2.23226e+00 1.96740e+04 184.68605 1.27491e-15 0.75941 3.52557e-13 -3.01015e-13 -1.83539e-13 0.00000e+00
5.48800e+07 1 2.41410e+00 1.80606e+04 185.25779 1.28643e-15 0.75915 3.03973e-13 -2.76203e-13 1.26932e-13 0.00000e+00
5.50400e+07 1 2.01804e+00 2.17117e+04 184.75383 1.27627e-15 0.75938 4.31403e-13 -4.24159e-13 -7.87279e-14 0.00000e+00
5.52000e+07 1 2.04238e+00 2.14642e+04 185.15891 1.28444e-15 0.75920 4.23533e-13 2.75768e-13 -3.21453e-13 0.00000e+00
5.53600e+07 1 2.40097e+00 1.81755e+04 184.87381 1.27869e-15 0.75933 3.05623e-13 2.33233e-13 -1.97504e-13 0.00000e+00
5.55200e+07 1 2.30869e+00 1.89839e+04 185.04652 1.28217e-15 0.75925 3.31462e-13 1.32886e-13 -3.03658e-13 0.00000e+00
5.56800e+07 1 1.99871e+00 2.18963e+04 185.28520 1.28699e-15 0.75914 4.42797e-13 -4.41758e-13 3.03163e-14 0.00000e+00
5.58400e+07 1 1.98164e+00 2.20490e+04 184.73953 1.27599e-15 0.75939 4.46776e-13 -2.06332e-13 3.96277e-13 0.00000e+00
5.60000e+07 1 1.93041e+00 2.25859e+04 185.51610 1.29166e-15 0.75903 4.77501e-13 4.48356e-13 -1.64269e-13 0.00000e+00
5.61600e+07 1 2.24386e+00 1.95330e+04 184.74332 1.27606e-15 0.75939 3.49103e-13 -9.10493e-14 3.37021e-13 0.00000e+00
5.63200e+07 1 2.24366e+00 1.95338e+04 185.41619 1.28964e-15 0.75908 3.52180e-13 -1.54335e-13 -3.16562e-13 0.00000e+00
5.64800e+07 1 2.60268e+00 1.65135e+04 185.58588 1.29307e-15 0.75900 2.62506e-13 -2.85022e-15 2.62491e-13 0.00000e+00
5.66400e+07 1 2.29938e+00 1.90585e+04 184.67758 1.27474e-15 0.75942 3.32194e-13 1.88108e-13 2.73803e-13 0.00000e+00
5.68000e+07 1 2.51512e+00 1.72220e+04 185.98621 1.30120e-15 0.75881 2.83445e-13 2.67457e-13 -9.38476e-14 0.00000e+00
5.69600e+07 1 1.92447e+00 2.26525e+04 185.32258 1.28774e-15 0.75912 4.78967e-13 -4.28295e-13 2.14412e-13 0.00000e+00
5.71200e+07 1 2.40237e+00 1.81571e+04 184.86828 1.27858e-15 0.75933 3.05279e-13 2.27272e-13 -2.03820e-13 0.00000e+00
5.72800e+07 1 1.64973e+00 2.58319e+04 186.00137 1.30151e-15 0.75881 6.57235e-13 4.43248e-13 4.85272e-13 0.00000e+00
5.74400e+07 1 1.96134e+00 2.22615e+04 184.83296 1.27787e-15 0.75935 4.54757e-13 3.55736e-13 -2.83296e-13 0.00000e+00
5.76000e+07 1 1.89229e+00 2.29920e+04 185.40491 1.28941e-15 0.75908 4.94486e-13 1.78205e-13 -4.61258e-13 0.00000e+00
5.77600e+07 1 2.32337e+00 1.88363e+04 185.60097 1.29338e-15 0.75899 3.29504e-13 -2.13487e-13 2.50991e-13 0.00000e+00
5.79200e+07 1 2.22655e+00 1.96866e+04 184.78348 1.27687e-15 0.75937 3.54791e-13 -3.11166e-13 1.70448e-13 0.00000e+00
5.80800e+07 1 1.70678e+00 2.51175e+04 185.86726 1.29879e-15 0.75887 6.12267e-13 -6.11333e-13 3.37933e-14 0.00000e+00
5.82400e+07 1 2.08017e+00 2.10591e+04 184.98803 1.28099e-15 0.75927 4.06571e-13 -3.90554e-13 -1.12994e-13 0.00000e+00
5.84000e+07 1 2.13682e+00 2.05258e+04 185.27092 1.28670e-15 0.75914 3.88309e-13 -2.40667e-13 -3.04734e-13 0.00000e+00
5.85600e+07 1 2.48800e+00 1.74358e+04 185.53242 1.29199e-15 0.75902 2.87609e-13 -3.26823e-14 -2.85746e-13 0.00000e+00
5.87200e+07 1 2.36274e+00 1.84850e+04 184.91679 1.27955e-15 0.75931 3.15831e-13 -2.42964e-13 -2.01787e-13 0.00000e+00
5.88800e+07 1 1.88967e+00 2.30268e+04 185.61681 1.29370e-15 0.75898 4.99116e-13 1.91880e-13 -4.60759e-13 0.00000e+00
5.90400e+07 1 1.94960e+00 2.23618e+04 185.09106 1.28307e-15 0.75923 4.64951e-13 3.69680e-13 -2.81986e-13 0.00000e+00
5.92000e+07 1 2.47707e+00 1.75072e+04 185.22204 1.28571e-15 0.75917 2.88517e-13 -2.89419e-14 2.87062e-13 0.00000e+00
5.93600e+07 1 2.41185e+00 1.80485e+04 185.40271 1.28936e-15 0.75908 3.04908e-13 2.88914e-13 -9.74532e-14 0.00000e+00
5.95200e+07 1 2.23785e+00 1.95899e+04 185.00719 1.28138e-15 0.75927 3.52493e-13 1.76565e-13 -3.05084e-13 0.00000e+00
5.96800e+07 1 1.75117e+00 2.45772e+04 185.67775 1.29494e-15 0.75896 5.80897e-13 -2.48068e-13 5.25265e-13 0.00000e+00
5.98400e+07 1 2.27351e+00 1.92630e+04 185.02828 1.28180e-15 0.75926 3.40663e-13 1.64473e-13 -2.98329e-13 0.00000e+00
6.00000e+07 1 2.46231e+00 1.76213e+04 185.44506 1.29022e-15 0.75906 2.93016e-13 -2.50056e-13 -1.52744e-13 0.00000e+00
6.01600e+07 1 2.41195e+00 1.80393e+04 185.55782 1.29250e-15 0.75901 3.06158e-13 -1.07386e-13 2.86707e-13 0.00000e+00
6.03200e+07 1 2.30426e+00 1.89691e+04 184.98978 1.28102e-15 0.75927 3.32458e-13 -3.27229e-13 -5.87310e-14 0.00000e+00
6.04800e+07 1 1.69353e+00 2.52683e+04 185.98770 1.30123e-15 0.75881 6.24100e-13 -1.14917e-13 -6.13429e-13 0.00000e+00
6.06400e+07 1 2.45288e+00 1.77092e+04 185.26374 1.28655e-15 0.75915 2.94524e-13 2.94440e-13 -7.00784e-15 0.00000e+00
6.08000e+07 1 1.88705e+00 2.30345e+04 185.29768 1.28724e-15 0.75913 4.98075e-13 -4.97072e-13 -3.15872e-14 0.00000e+00
6.09600e+07 1 2.65359e+00 1.60802e+04 186.14214 1.30438e-15 0.75874 2.54853e-13 1.19519e-13 -2.25089e-13 0.00000e+00
6.11200e+07 1 2.07641e+00 2.10710e+04 184.99564 1.28114e-15 0.75927 4.07360e-13 3.93237e-13 -1.06332e-13 0.00000e+00
6.12800e+07 1 2.59338e+00 1.65461e+04 185.82745 1.29798e-15 0.75889 2.65714e-13 -1.64656e-13 -2.08548e-13 0.00000e+00
6.14400e+07 1 2.59813e+00 1.65186e+04 185.93909 1.30025e-15 0.75884 2.65429e-13 -1.40430e-13 2.25237e-13 0.00000e+00
6.16000e+07 1 2.25562e+00 1.93874e+04 184.97412 1.28071e-15 0.75928 3.46710e-13 -3.46532e-13 1.10935e-14 0.00000e+00
6.17600e+07 1 2.51604e+00 1.71778e+04 186.23894 1.30635e-15 0.75870 2.84172e-13 -8.82318e-14 2.70128e-13 0.00000e+00
6.19200e+07 1 2.40349e+00 1.81107e+04 185.59652 1.29329e-15 0.75899 3.06666e-13 1.03159e-13 -2.88794e-13 0.00000e+00
6.20800e+07 1 2.02137e+00 2.16243e+04 185.21519 1.28557e-15 0.75917 4.33337e-13 -2.94799e-13 -3.17608e-13 0.00000e+00
6.22400e+07 1 2.48689e+00 1.73983e+04 186.19277 1.30541e-15 0.75872 2.90858e-13 -1.99473e-13 -2.11682e-13 0.00000e+00
6.24000e+07 1 2.08794e+00 2.09494e+04 185.24954 1.28627e-15 0.75915 4.06528e-13 9.75535e-14 -3.94650e-13 0.00000e+00
6.25600e+07 1 1.89244e+00 2.29524e+04 185.53444 1.29203e-15 0.75902 4.96279e-13 3.21009e-13 3.78478e-13 0.00000e+00
6.27200e+07 1 2.20796e+00 1.98257e+04 186.01974 1.30189e-15 0.75880 3.67919e-13 -3.64909e-13 4.69654e-14 0.00000e+00
6.28800e+07 1 2.27189e+00 1.92460e+04 185.18703 1.28500e-15 0.75918 3.42952e-13 3.42910e-13 5.31977e-15 0.00000e+00
6.30400e+07 1 2.04004e+00 2.14403e+04 185.75985 1.29660e-15 0.75892 4.29077e-13 -1.76060e-13 3.91292e-13 0.00000e+00
6.32000e+07 1 1.80180e+00 2.39409e+04 185.73562 1.29611e-15 0.75893 5.47406e-13 -2.95458e-13 4.60823e-13 0.00000e+00
6.33600e+07 1 2.11711e+00 2.06651e+04 185.34259 1.28815e-15 0.75911 3.95389e-13 3.95388e-13 -3.58601e-16 0.00000e+00
6.35200e+07 1 1.96371e+00 2.21976e+04 185.91365 1.29973e-15 0.75885 4.64320e-13 3.06276e-13 -3.48982e-13 0.00000e+00
6.36800e+07 1 2.40464e+00 1.80824e+04 185.45827 1.29049e-15 0.75906 3.07463e-13 -1.17610e-13 2.84080e-13 0.00000e+00
6.38400e+07 1 2.18393e+00 2.00232e+04 185.58444 1.29304e-15 0.75900 3.73548e-13 3.17570e-13 1.96691e-13 0.00000e+00
6.40000e+07 1 2.18430e+00 2.00216e+04 186.05752 1.30266e-15 0.75878 3.75325e-13 2.17046e-13 -3.06203e-13 0.00000e+00
6.41600e+07 1 2.28877e+00 1.90810e+04 185.31276 1.28754e-15 0.75913 3.38085e-13 5.29372e-14 -3.33915e-13 0.00000e+00
6.43200e+07 1 2.41203e+00 1.80156e+04 185.96579 1.30079e-15 0.75882 3.07995e-13 2.82674e-13 -1.22296e-13 0.00000e+00
6.44800e+07 1 2.07357e+00 2.10766e+04 186.21798 1.30593e-15 0.75871 4.18081e-13 9.67629e-14 -4.06729e-13 0.00000e+00
6.46400e+07 1 2.19451e+00 1.99141e+04 185.25118 1.28630e-15 0.75915 3.67013e-13 -3.18327e-13 -1.82665e-13 0.00000e+00
6.48000e+07 1 2.58778e+00 1.65536e+04 186.19228 1.30540e-15 0.75872 2.67822e-13 -1.13405e-13 2.42627e-13 0.00000e+00
6.49600e+07 1 1.90702e+00 2.27715e+04 186.33751 1.30837e-15 0.75865 4.95733e-13 -2.56827e-13 4.24018e-13 0.00000e+00
6.51200e+07 1 2.06473e+00 2.11646e+04 185.27916 1.28686e-15 0.75914 4.15468e-13 -1.76989e-13 3.75884e-13 0.00000e+00
6.52800e+07 1 2.58893e+00 1.65497e+04 186.28317 1.30726e-15 0.75868 2.68079e-13 6.99620e-14 -2.58789e-13 0.00000e+00
6.54400e+07 1 2.38677e+00 1.82226e+04 186.34379 1.30849e-15 0.75865 3.14937e-13 -2.22306e-13 2.23082e-13 0.00000e+00
6.56000e+07 1 2.20834e+00 1.97768e+04 185.32390 1.28777e-15 0.75912 3.61438e-13 -3.38647e-14 3.59848e-13 0.00000e+00
6.57600e+07 1 2.56906e+00 1.67088e+04 186.28723 1.30734e-15 0.75867 2.72455e-13 -5.52783e-14 2.66789e-13 0.00000e+00
6.59200e+07 1 2.58911e+00 1.65393e+04 186.30518 1.30771e-15 0.75866 2.68650e-13 2.65495e-13 4.10525e-14 0.00000e+00
6.60800e+07 1 2.24275e+00 1.94573e+04 185.35566 1.28841e-15 0.75911 3.52821e-13 2.83202e-13 -2.10427e-13 0.00000e+00
6.62400e+07 1 2.58598e+00 1.65676e+04 186.32147 1.30804e-15 0.75866 2.69426e-13 5.20512e-14 -2.64350e-13 0.00000e+00
6.64000e+07 1 1.81416e+00 2.37793e+04 186.30765 1.30776e-15 0.75866 5.47392e-13 3.54999e-13 -4.16669e-13 0.00000e+00
6.65600e+07 1 2.22387e+00 1.96365e+04 185.46399 1.29060e-15 0.75906 3.58937e-13 -3.57690e-13 -2.98862e-14 0.00000e+00
6.67200e+07 1 2.56598e+00 1.67206e+04 186.24218 1.30642e-15 0.75869 2.73259e-13 2.02918e-15 2.73252e-13 0.00000e+00
6.68800e+07 1 2.46664e+00 1.75563e+04 186.10429 1.30361e-15 0.75876 2.95142e-13 2.63958e-13 1.32041e-13 0.00000e+00
6.70400e+07 1 1.97400e+00 2.20937e+04 185.24851 1.28625e-15 0.75915 4.54664e-13 -3.88749e-13 2.35784e-13 0.00000e+00
6.72000e+07 1 2.41343e+00 1.80108e+04 186.04664 1.30243e-15 0.75879 3.07485e-13 1.67937e-13 -2.57574e-13 0.00000e+00
6.73600e+07 1 1.92756e+00 2.25507e+04 186.08518 1.30322e-15 0.75877 4.81747e-13 -2.94307e-14 -4.80847e-13 0.00000e+00
6.75200e+07 1 2.13687e+00 2.04751e+04 185.46769 1.29068e-15 0.75905 3.89496e-13 -3.84403e-13 -6.27837e-14 0.00000e+00
6.76800e+07 1 2.25518e+00 1.93698e+04 186.18144 1.30518e-15 0.75872 3.53082e-13 3.24488e-13 -1.39193e-13 0.00000e+00
6.78400e+07 1 2.39830e+00 1.81220e+04 186.10265 1.30358e-15 0.75876 3.12304e-13 -3.94683e-14 -3.09800e-13 0.00000e+00
6.80000e+07 1 2.35600e+00 1.84686e+04 185.48209 1.29097e-15 0.75905 3.20169e-13 -1.26723e-13 -2.94023e-13 0.00000e+00
6.81600e+07 1 2.44607e+00 1.77186e+04 186.22051 1.30598e-15 0.75870 3.00690e-13 -2.91025e-13 7.56229e-14 0.00000e+00
6.83200e+07 1 2.53175e+00 1.69857e+04 186.16775 1.30490e-15 0.75873 2.80505e-13 -1.45530e-13 2.39801e-13 0.00000e+00
6.84800e+07 1 2.29569e+00 1.89996e+04 185.44080 1.29013e-15 0.75907 3.37249e-13 1.97508e-14 3.36670e-13 0.00000e+00
6.86400e+07 1 1.78085e+00 2.41577e+04 186.37675 1.30917e-15 0.75863 5.64760e-13 -4.68495e-13 3.15382e-13 0.00000e+00
6.88000e+07 1 1.73788e+00 2.46736e+04 186.27922 1.30718e-15 0.75868 5.96387e-13 2.82090e-13 5.25455e-13 0.00000e+00
6.89600e+07 1 2.23191e+00 1.95669e+04 185.39740 1.28926e-15 0.75909 3.56305e-13 -1.21192e-13 -3.35061e-13 0.00000e+00
6.91200e+07 1 2.39159e+00 1.81705e+04 186.32367 1.30808e-15 0.75866 3.14896e-13 -2.19535e-13 2.25753e-13 0.00000e+00
6.92800e+07 1 2.58470e+00 1.65554e+04 186.44938 1.31065e-15 0.75860 2.70264e-13 1.54519e-13 2.21736e-13 0.00000e+00
6.94400e+07 1 2.21032e+00 1.97650e+04 185.42064 1.28973e-15 0.75908 3.61972e-13 1.62466e-13 3.23463e-13 0.00000e+00
6.96000e+07 1 2.48430e+00 1.73657e+04 186.37353 1.30910e-15 0.75863 2.91668e-13 2.48353e-13 1.52942e-13 0.00000e+00
6.97600e+07 1 2.00590e+00 2.17255e+04 186.40959 1.30984e-15 0.75862 4.48549e-13 4.27957e-13 -1.34345e-13 0.00000e+00
6.99200e+07 1 2.07889e+00 2.09919e+04 185.45772 1.29048e-15 0.75906 4.09939e-13 3.59974e-13 1.96135e-13 0.00000e+00
7.00800e+07 1 2.35679e+00 1.84623e+04 186.48892 1.31146e-15 0.75858 3.25313e-13 -1.62301e-13 2.81934e-13 0.00000e+00
7.02400e+07 1 2.13901e+00 2.04109e+04 186.58029 1.31333e-15 0.75854 3.95373e-13 -2.89162e-13 2.69639e-13 0.00000e+00
7.04000e+07 1 2.05472e+00 2.12286e+04 185.51206 1.29158e-15 0.75903 4.21228e-13 -3.84065e-13 -1.72993e-13 0.00000e+00
7.05600e+07 1 2.43718e+00 1.77681e+04 186.35537 1.30873e-15 0.75864 3.03613e-13 1.26416e-13 -2.76044e-13 0.00000e+00
7.07200e+07 1 2.60322e+00 1.63935e+04 186.57486 1.31322e-15 0.75854 2.66418e-13 -2.25929e-13 -1.41191e-13 0.00000e+00
7.08800e+07 1 2.14885e+00 2.03332e+04 185.60853 1.29353e-15 0.75899 3.85871e-13 -1.90189e-13 -3.35745e-13 0.00000e+00
7.10400e+07 1 2.03963e+00 2.13946e+04 186.20323 1.30563e-15 0.75871 4.32478e-13 3.67348e-13 2.28238e-13 0.00000e+00
7.12000e+07 1 1.91718e+00 2.26604e+04 186.56008 1.31292e-15 0.75855 4.91349e-13 5.57823e-14 -4.88172e-13 0.00000e+00
7.13600e+07 1 1.93048e+00 2.25161e+04 185.65667 1.29451e-15 0.75897 4.77151e-13 -8.75784e-14 4.69045e-13 0.00000e+00
7.15200e+07 1 2.49946e+00 1.72503e+04 186.04047 1.30231e-15 0.75879 2.86456e-13 8.16759e-14 -2.74565e-13 0.00000e+00
7.16800e+07 1 2.56722e+00 1.67101e+04 186.49523 1.31159e-15 0.75858 2.73821e-13 -2.17209e-13 1.66728e-13 0.00000e+00
7.18400e+07 1 2.45044e+00 1.76722e+04 185.67072 1.29479e-15 0.75896 2.96720e-13 6.36620e-14 2.89810e-13 0.00000e+00
7.20000e+07 1 2.31518e+00 1.88492e+04 185.90564 1.29957e-15 0.75885 3.33873e-13 3.33655e-13 1.20796e-14 0.00000e+00
7.21600e+07 1 2.57769e+00 1.66270e+04 186.47375 1.31115e-15 0.75859 2.71419e-13 1.19287e-13 -2.43801e-13 0.00000e+00
7.23200e+07 1 2.24777e+00 1.94246e+04 185.57399 1.29283e-15 0.75900 3.52260e-13 -3.40194e-13 -9.14081e-14 0.00000e+00
7.24800e+07 1 2.30588e+00 1.89251e+04 186.19655 1.30549e-15 0.75872 3.37854e-13 -3.31126e-13 6.70916e-14 0.00000e+00
7.26400e+07 1 2.42574e+00 1.78730e+04 186.75147 1.31684e-15 0.75846 3.07226e-13 -3.06795e-13 1.62593e-14 0.00000e+00
7.28000e+07 1 2.37803e+00 1.82971e+04 185.58104 1.29298e-15 0.75900 3.14160e-13 9.10743e-14 3.00670e-13 0.00000e+00
7.29600e+07 1 2.34059e+00 1.86203e+04 186.13820 1.30430e-15 0.75874 3.27892e-13 3.11043e-13 -1.03756e-13 0.00000e+00
7.31200e+07 1 1.59901e+00 2.63674e+04 187.55020 1.33328e-15 0.75808 7.17415e-13 -3.09471e-13 6.47234e-13 0.00000e+00
7.32800e+07 1 1.88562e+00 2.29047e+04 186.80573 1.31795e-15 0.75843 5.10243e-13 4.80954e-13 1.70384e-13 0.00000e+00
7.34400e+07 1 2.05566e+00 2.11416e+04 186.39708 1.30958e-15 0.75862 4.26399e-13 2.21156e-13 3.64562e-13 0.00000e+00
7.36000e+07 1 2.59745e+00 1.63204e+04 187.50416 1.33233e-15 0.75810 2.71907e-13 1.14562e-13 2.46595e-13 0.00000e+00
7.37600e+07 1 2.04784e+00 2.12403e+04 187.77646 1.33796e-15 0.75797 4.38774e-13 4.28233e-13 9.55997e-14 0.00000e+00
7.39200e+07 1 1.87637e+00 2.30198e+04 186.48925 1.31147e-15 0.75858 5.10393e-13 4.54430e-13 -2.32366e-13 0.00000e+00
7.40800e+07 1 2.06938e+00 2.10101e+04 186.31186 1.30784e-15 0.75866 4.20431e-13 8.12325e-14 -4.12509e-13 0.00000e+00
7.42400e+07 1 1.69963e+00 2.50765e+04 187.54475 1.33316e-15 0.75808 6.33521e-13 -6.01827e-13 -1.97872e-13 0.00000e+00
7.44000e+07 1 2.00279e+00 2.19193e+04 185.39152 1.28914e-15 0.75909 4.42574e-13 3.08326e-13 3.17501e-13 0.00000e+00
7.45600e+07 1 2.34169e+00 1.87385e+04 184.53781 1.27194e-15 0.75948 3.19492e-13 2.57533e-13 1.89082e-13 0.00000e+00
7.47200e+07 1 2.22435e+00 1.97748e+04 185.44216 1.29016e-15 0.75907 3.58504e-13 -2.54958e-13 -2.52035e-13 0.00000e+00
7.48800e+07 1 2.00539e+00 2.18833e+04 184.49862 1.27115e-15 0.75950 4.35269e-13 -4.21087e-13 -1.10204e-13 0.00000e+00
7.50400e+07 1 2.19596e+00 2.00248e+04 185.50091 1.29135e-15 0.75904 3.67077e-13 -3.28911e-13 -1.62982e-13 0.00000e+00
7.52000e+07 1 2.46965e+00 1.76552e+04 184.62034 1.27359e-15 0.75944 2.86410e-13 -6.46693e-14 -2.79014e-13 0.00000e+00
7.53600e+07 1 1.65863e+00 2.57428e+04 185.57205 1.29279e-15 0.75901 6.47355e-13 1.86781e-13 6.19824e-13 0.00000e+00
7.55200e+07 1 2.24593e+00 1.95549e+04 184.74549 1.27611e-15 0.75939 3.48547e-13 1.29834e-13 -3.23462e-13 0.00000e+00
7.56800e+07 1 2.67413e+00 1.60016e+04 185.49178 1.29117e-15 0.75904 2.48280e-13 -2.07284e-13 -1.36662e-13 0.00000e+00
7.58400e+07 1 2.16070e+00 2.03107e+04 185.19954 1.28526e-15 0.75918 3.79143e-13 1.57710e-13 3.44786e-13 0.00000e+00
7.60000e+07 1 1.76197e+00 2.44733e+04 185.49499 1.29123e-15 0.75904 5.73106e-13 2.07177e-13 -5.34348e-13 0.00000e+00
7.61600e+07 1 2.56868e+00 1.67945e+04 185.56649 1.29268e-15 0.75901 2.69238e-13 1.62487e-13 2.14679e-13 0.00000e+00
7.63200e+07 1 1.85918e+00 2.33672e+04 185.16617 1.28458e-15 0.75919 5.11434e-13 3.17886e-14 -5.10445e-13 0.00000e+00
7.64800e+07 1 2.20807e+00 1.98603e+04 186.01322 1.30175e-15 0.75880 3.67675e-13 1.32810e-13 -3.42850e-13 0.00000e+00
7.66400e+07 1 2.05858e+00 2.12870e+04 185.03076 1.28185e-15 0.75926 4.16809e-13 -3.29333e-13 -2.55478e-13 0.00000e+00
7.68000e+07 1 2.17039e+00 2.02038e+04 186.01963 1.30188e-15 0.75880 3.80304e-13 -2.69426e-13 -2.68404e-13 0.00000e+00
7.69600e+07 1 1.85741e+00 2.33922e+04 185.47932 1.29091e-15 0.75905 5.15129e-13 5.05607e-13 -9.85864e-14 0.00000e+00
7.71200e+07 1 2.14733e+00 2.04597e+04 185.05248 1.28229e-15 0.75925 3.82501e-13 -3.16871e-13 2.14242e-13 0.00000e+00
7.72800e+07 1 2.77960e+00 1.51510e+04 186.48014 1.31128e-15 0.75858 2.33851e-13 -2.22912e-13 7.06859e-14 0.00000e+00
7.74400e+07 1 2.12458e+00 2.06592e+04 184.88402 1.27889e-15 0.75932 3.87380e-13 3.87200e-13 -1.17917e-14 0.00000e+00
7.76000e+07 1 2.68253e+00 1.59000e+04 185.81299 1.29768e-15 0.75889 2.47026e-13 -1.36842e-14 2.46646e-13 0.00000e+00
7.77600e+07 1 2.72413e+00 1.56681e+04 185.45586 1.29044e-15 0.75906 2.39064e-13 2.35807e-13 3.93288e-14 0.00000e+00
7.79200e+07 1 1.97759e+00 2.21663e+04 184.52876 1.27175e-15 0.75949 4.47738e-13 6.81472e-14 -4.42521e-13 0.00000e+00
7.80800e+07 1 2.03956e+00 2.15384e+04 185.95805 1.30063e-15 0.75883 4.29289e-13 -1.22076e-13 -4.11566e-13 0.00000e+00
7.82400e+07 1 2.11226e+00 2.08354e+04 184.17204 1.26461e-15 0.75965 3.89561e-13 1.77696e-13 3.46672e-13 0.00000e+00
7.84000e+07 1 1.69724e+00 2.52985e+04 185.83003 1.29803e-15 0.75889 6.20550e-13 1.28616e-13 6.07075e-13 0.00000e+00
7.85600e+07 1 2.05545e+00 2.13753e+04 184.51129 1.27140e-15 0.75949 4.14678e-13 4.14229e-13 -1.92930e-14 0.00000e+00
7.87200e+07 1 2.46397e+00 1.77418e+04 185.39121 1.28913e-15 0.75909 2.92595e-13 2.22741e-13 -1.89733e-13 0.00000e+00
7.88800e+07 1 2.51361e+00 1.74967e+04 183.35768 1.24840e-15 0.76002 2.72143e-13 1.61124e-13 -2.19319e-13 0.00000e+00
7.90400e+07 1 2.86797e+00 1.48130e+04 184.52123 1.27160e-15 0.75949 2.12987e-13 1.42050e-13 -1.58698e-13 0.00000e+00
7.92000e+07 1 1.85606e+00 2.35912e+04 183.33725 1.24799e-15 0.76003 4.98172e-13 -4.90232e-13 -8.85881e-14 0.00000e+00
7.93600e+07 1 2.77572e+00 1.55612e+04 183.80114 1.25721e-15 0.75982 2.23352e-13 2.09787e-13 7.66513e-14 0.00000e+00
7.95200e+07 1 1.68819e+00 2.55627e+04 183.38701 1.24898e-15 0.76001 6.03521e-13 -2.26925e-13 -5.59233e-13 0.00000e+00
7.96800e+07 1 1.95655e+00 2.25593e+04 183.41500 1.24953e-15 0.75999 4.46958e-13 3.05723e-13 -3.26045e-13 0.00000e+00
7.98400e+07 1 1.85224e+00 2.35992e+04 184.37116 1.26860e-15 0.75956 5.08764e-13 4.85328e-13 -1.52637e-13 0.00000e+00
8.00000e+07 1 1.75578e+00 2.47144e+04 183.70769 1.25535e-15 0.75986 5.57923e-13 1.45144e-13 -5.38713e-13 0.00000e+00
8.01600e+07 1 1.64821e+00 2.59627e+04 184.61380 1.27346e-15 0.75945 6.41603e-13 -3.07659e-14 -6.40865e-13 0.00000e+00
8.03200e+07 1 2.61785e+00 1.65903e+04 184.01886 1.26155e-15 0.75972 2.53277e-13 -5.53424e-15 2.53217e-13 0.00000e+00
8.04800e+07 1 1.94363e+00 2.25922e+04 184.77693 1.27674e-15 0.75937 4.62004e-13 -4.59654e-13 -4.65401e-14 0.00000e+00
8.06400e+07 1 1.94754e+00 2.25579e+04 184.00846 1.26134e-15 0.75972 4.54748e-13 -4.15240e-13 -1.85395e-13 0.00000e+00
8.08000e+07 1 2.71684e+00 1.58600e+04 184.86410 1.27849e-15 0.75933 2.38116e-13 1.19984e-14 2.37814e-13 0.00000e+00
8.09600e+07 1 2.54351e+00 1.71891e+04 183.74905 1.25617e-15 0.75984 2.67006e-13 -3.43358e-14 2.64789e-13 0.00000e+00
8.11200e+07 1 2.28832e+00 1.93155e+04 185.10289 1.28331e-15 0.75922 3.36604e-13 -1.57999e-13 2.97218e-13 0.00000e+00
8.12800e+07 1 2.05247e+00 2.15114e+04 183.65067 1.25421e-15 0.75989 4.10023e-13 3.08000e-13 -2.70657e-13 0.00000e+00
8.14400e+07 1 2.32778e+00 1.89959e+04 185.23446 1.28596e-15 0.75916 3.26997e-13 3.02412e-13 -1.24395e-13 0.00000e+00
8.16000e+07 1 2.15104e+00 2.05642e+04 183.63574 1.25392e-15 0.75989 3.73149e-13 -2.41197e-13 2.84717e-13 0.00000e+00
8.17600e+07 1 2.40980e+00 1.82900e+04 185.47627 1.29085e-15 0.75905 3.04799e-13 4.95214e-14 3.00749e-13 0.00000e+00
8.19200e+07 1 2.49022e+00 1.76518e+04 183.31141 1.24748e-15 0.76004 2.76668e-13 2.56615e-13 -1.03411e-13 0.00000e+00
8.20800e+07 1 2.81354e+00 1.51353e+04 185.47616 1.29085e-15 0.75905 2.24491e-13 1.90023e-13 1.19531e-13 0.00000e+00
8.22400e+07 1 2.16753e+00 2.04420e+04 183.49414 1.25110e-15 0.75996 3.64871e-13 -9.90503e-14 -3.51169e-13 0.00000e+00
8.24000e+07 1 1.62251e+00 2.63012e+04 185.29023 1.28709e-15 0.75914 6.72876e-13 -5.38491e-13 4.03471e-13 0.00000e+00
8.25600e+07 1 1.85360e+00 2.35841e+04 183.70862 1.25537e-15 0.75986 5.02739e-13 -5.01913e-13 -2.88116e-14 0.00000e+00
8.27200e+07 1 1.70967e+00 2.52092e+04 185.17717 1.28480e-15 0.75919 6.02024e-13 -3.11433e-13 5.15211e-13 0.00000e+00
8.28800e+07 1 1.84999e+00 2.36061e+04 184.01498 1.26147e-15 0.75972 5.06016e-13 -2.73432e-14 5.05277e-13 0.00000e+00
8.30400e+07 1 2.80849e+00 1.51561e+04 185.00762 1.28138e-15 0.75927 2.22674e-13 2.08044e-13 -7.93829e-14 0.00000e+00
8.32000e+07 1 2.70159e+00 1.59486e+04 184.40600 1.26929e-15 0.75954 2.38338e-13 -2.17233e-14 -2.37346e-13 0.00000e+00
8.33600e+07 1 2.31839e+00 1.90555e+04 184.49315 1.27104e-15 0.75950 3.25511e-13 -1.68226e-13 -2.78671e-13 0.00000e+00
8.35200e+07 1 2.51678e+00 1.73658e+04 184.90469 1.27931e-15 0.75931 2.76402e-13 1.07362e-13 -2.54699e-13 0.00000e+00
8.36800e+07 1 2.15947e+00 2.04535e+04 184.36747 1.26852e-15 0.75956 3.74752e-13 3.41059e-13 -1.55299e-13 0.00000e+00
8.38400e+07 1 2.12211e+00 2.08890e+04 184.38497 1.26887e-15 0.75955 3.84839e-13 -2.74949e-13 2.69266e-13 0.00000e+00
8.40000e+07 1 2.67762e+00 1.62156e+04 183.87187 1.25862e-15 0.75979 2.41471e-13 -4.11101e-14 -2.37946e-13 0.00000e+00
8.41600e+07 1 2.41414e+00 1.83166e+04 183.96715 1.26052e-15 0.75974 2.97080e-13 -2.93408e-13 4.65617e-14 0.00000e+00
8.43200e+07 1 1.65794e+00 2.58845e+04 183.99074 1.26099e-15 0.75973 6.32114e-13 1.61067e-13 6.11249e-13 0.00000e+00
8.44800e+07 1 2.15095e+00 2.06218e+04 183.72840 1.25576e-15 0.75985 3.73552e-13 2.99106e-13 -2.23777e-13 0.00000e+00
8.46400e+07 1 1.65863e+00 2.58801e+04 184.33099 1.26779e-15 0.75958 6.29597e-13 -2.42073e-13 5.81200e-13 0.00000e+00
8.48000e+07 1 2.20372e+00 2.00882e+04 183.85249 1.25823e-15 0.75979 3.55806e-13 -3.49792e-13 6.51431e-14 0.00000e+00
8.49600e+07 1 2.68075e+00 1.61501e+04 184.84775 1.27816e-15 0.75934 2.44934e-13 -1.70622e-13 -1.75729e-13 0.00000e+00
8.51200e+07 1 1.81183e+00 2.40395e+04 183.82232 1.25763e-15 0.75981 5.26368e-13 4.03401e-13 3.38128e-13 0.00000e+00
8.52800e+07 1 2.13890e+00 2.06937e+04 185.11046 1.28346e-15 0.75922 3.83254e-13 -3.74803e-13 8.00390e-14 0.00000e+00
8.54400e+07 1 2.29744e+00 1.92484e+04 183.80760 1.25734e-15 0.75981 3.27642e-13 -2.43239e-13 2.19509e-13 0.00000e+00
8.56000e+07 1 2.08723e+00 2.11934e+04 184.96998 1.28063e-15 0.75928 4.01684e-13 -3.39138e-13 2.15256e-13 0.00000e+00
8.57600e+07 1 1.96965e+00 2.23084e+04 184.48267 1.27083e-15 0.75951 4.49350e-13 1.82639e-13 4.10559e-13 0.00000e+00
8.59200e+07 1 1.67279e+00 2.56263e+04 184.75377 1.27627e-15 0.75938 6.26465e-13 5.73022e-13 2.53187e-13 0.00000e+00
8.60800e+07 1 2.36096e+00 1.89683e+04 182.28229 1.22718e-15 0.76050 3.02244e-13 -1.29684e-13 -2.73008e-13 0.00000e+00
8.62400e+07 1 2.83990e+00 1.53231e+04 183.07543 1.24281e-15 0.76015 2.12330e-13 1.52521e-13 -1.47721e-13 0.00000e+00
8.64000e+07 1 2.64968e+00 1.67143e+04 182.91115 1.23956e-15 0.76022 2.43141e-13 2.42384e-13 -1.91696e-14 0.00000e+00
8.65600e+07 1 2.67418e+00 1.65506e+04 181.52775 1.21244e-15 0.76084 2.32264e-13 -5.00719e-14 2.26803e-13 0.00000e+00
8.67200e+07 1 2.39166e+00 1.87726e+04 181.42337 1.21040e-15 0.76089 2.90842e-13 -2.38907e-13 1.65868e-13 0.00000e+00
8.68800e+07 1 2.74732e+00 1.59748e+04 182.55029 1.23245e-15 0.76038 2.24133e-13 7.23992e-14 -2.12118e-13 0.00000e+00
8.70400e+07 1 1.79026e+00 2.45438e+04 182.96139 1.24055e-15 0.76020 5.33293e-13 4.74058e-13 -2.44275e-13 0.00000e+00
8.72000e+07 1 2.20859e+00 2.03265e+04 182.33796 1.22828e-15 0.76048 3.46820e-13 6.45218e-14 -3.40766e-13 0.00000e+00
8.73600e+07 1 2.82792e+00 1.54530e+04 181.40533 1.21005e-15 0.76089 2.07894e-13 1.09450e-13 -1.76751e-13 0.00000e+00
8.75200e+07 1 2.59763e+00 1.71840e+04 181.17523 1.20558e-15 0.76100 2.45728e-13 2.40825e-13 4.88416e-14 0.00000e+00
8.76800e+07 1 2.65255e+00 1.67654e+04 181.69573 1.21571e-15 0.76077 2.37419e-13 -1.98643e-13 -1.30033e-13 0.00000e+00
8.78400e+07 1 1.96934e+00 2.26778e+04 181.87059 1.21912e-15 0.76069 4.32813e-13 3.25323e-13 2.85469e-13 0.00000e+00
8.80000e+07 1 2.94658e+00 1.46616e+04 181.74750 1.21672e-15 0.76074 1.93108e-13 7.19327e-14 1.79210e-13 0.00000e+00
8.81600e+07 1 2.07831e+00 2.16034e+04 181.76189 1.21700e-15 0.76074 3.88241e-13 2.50252e-13 -2.96825e-13 0.00000e+00
8.83200e+07 1 3.02716e+00 1.45813e+04 178.54260 1.15518e-15 0.76215 1.72877e-13 1.30978e-13 1.12833e-13 0.00000e+00
8.84800e+07 1 3.03906e+00 1.45167e+04 178.51842 1.15473e-15 0.76216 1.72059e-13 1.14030e-13 -1.28847e-13 0.00000e+00
8.86400e+07 1 3.04550e+00 1.44486e+04 178.96553 1.16319e-15 0.76196 1.72192e-13 -3.10899e-14 -1.69362e-13 0.00000e+00
8.88000e+07 1 3.08573e+00 1.41624e+04 178.71673 1.15848e-15 0.76207 1.67367e-13 -1.34070e-13 -1.00184e-13 0.00000e+00
8.89600e+07 1 2.61490e+00 1.75025e+04 178.21282 1.14896e-15 0.76229 2.30418e-13 -1.28191e-13 -1.91467e-13 0.00000e+00
8.91200e+07 1 2.96614e+00 1.50364e+04 178.70643 1.15828e-15 0.76208 1.81417e-13 -1.81391e-13 3.06061e-15 0.00000e+00
8.92800e+07 1 3.05502e+00 1.44970e+04 177.66174 1.13862e-15 0.76253 1.67832e-13 -1.31460e-13 1.04336e-13 0.00000e+00
8.94400e+07 1 2.45022e+00 1.87758e+04 179.00656 1.16397e-15 0.76195 2.67018e-13 6.07266e-14 2.60021e-13 0.00000e+00
8.96000e+07 1 3.01834e+00 1.47237e+04 177.60495 1.13756e-15 0.76255 1.71927e-13 -1.21050e-13 1.22089e-13 0.00000e+00
8.97600e+07 1 1.53795e+00 2.79532e+04 179.28183 1.16920e-15 0.76183 6.79848e-13 1.61767e-13 -6.60321e-13 0.00000e+00
8.99200e+07 1 2.48230e+00 1.85509e+04 177.85995 1.14233e-15 0.76244 2.55460e-13 -1.69250e-13 1.91349e-13 0.00000e+00
9.00800e+07 1 1.57889e+00 2.74321e+04 178.76922 1.15947e-15 0.76205 6.39127e-13 3.12166e-14 -6.38364e-13 0.00000e+00
9.02400e+07 1 1.82909e+00 2.44456e+04 178.85052 1.16101e-15 0.76201 4.75113e-13 -3.67595e-13 3.01009e-13 0.00000e+00
9.04000e+07 1 2.25144e+00 2.03593e+04 177.97480 1.14449e-15 0.76239 3.11060e-13 -1.21663e-14 3.10822e-13 0.00000e+00
9.05600e+07 1 2.03823e+00 2.23049e+04 179.66290 1.17647e-15 0.76166 3.88353e-13 2.68990e-13 2.80111e-13 0.00000e+00
9.07200e+07 1 3.03727e+00 1.45203e+04 178.33142 1.15120e-15 0.76224 1.71734e-13 -1.98574e-14 -1.70582e-13 0.00000e+00
9.08800e+07 1 1.72330e+00 2.55899e+04 178.59878 1.15624e-15 0.76212 5.36036e-13 3.96197e-13 3.61057e-13 0.00000e+00
9.10400e+07 1 2.04125e+00 2.22228e+04 179.73368 1.17782e-15 0.76163 3.87533e-13 3.02620e-13 2.42080e-13 0.00000e+00
9.12000e+07 1 2.80958e+00 1.60271e+04 179.19085 1.16747e-15 0.76187 2.03698e-13 3.54077e-14 2.00597e-13 0.00000e+00
9.13600e+07 1 1.70961e+00 2.59411e+04 177.37162 1.13320e-15 0.76265 5.33566e-13 4.45778e-13 -2.93215e-13 0.00000e+00
9.15200e+07 1 2.36096e+00 1.96393e+04 176.83427 1.12320e-15 0.76288 2.75199e-13 1.56344e-13 -2.26476e-13 0.00000e+00
9.16800e+07 1 2.19727e+00 2.10555e+04 176.32640 1.11380e-15 0.76309 3.16564e-13 -1.18493e-13 -2.93551e-13 0.00000e+00
9.18400e+07 1 3.09667e+00 1.47961e+04 177.17140 1.12947e-15 0.76273 1.62126e-13 1.09022e-13 1.19995e-13 0.00000e+00
9.20000e+07 1 3.30982e+00 1.34358e+04 177.07222 1.12762e-15 0.76278 1.41351e-13 -1.41188e-13 -6.78670e-15 0.00000e+00
9.21600e+07 1 3.17004e+00 1.42546e+04 174.14556 1.07400e-15 0.76400 1.45373e-13 -7.29080e-14 -1.25769e-13 0.00000e+00
9.23200e+07 1 3.38439e+00 1.30092e+04 175.05701 1.09052e-15 0.76362 1.31161e-13 -1.28750e-13 2.50339e-14 0.00000e+00
9.24800e+07 1 2.68212e+00 1.75071e+04 173.22631 1.05750e-15 0.76438 2.02113e-13 -1.08349e-13 -1.70617e-13 0.00000e+00
9.26400e+07 1 2.99728e+00 1.54802e+04 172.41431 1.04305e-15 0.76471 1.59688e-13 -1.56919e-13 2.96085e-14 0.00000e+00
9.28000e+07 1 2.34356e+00 2.00890e+04 171.83538 1.03283e-15 0.76494 2.45893e-13 8.83015e-14 -2.29491e-13 0.00000e+00
9.29600e+07 1 2.44416e+00 1.92823e+04 172.51298 1.04480e-15 0.76467 2.28275e-13 -1.24557e-13 -1.91298e-13 0.00000e+00
9.31200e+07 1 3.00147e+00 1.53105e+04 174.23048 1.07553e-15 0.76397 1.64002e-13 -1.55405e-13 -5.24041e-14 0.00000e+00
9.32800e+07 1 2.62253e+00 1.79789e+04 171.83764 1.03287e-15 0.76494 2.06826e-13 8.08833e-16 2.06825e-13 0.00000e+00
9.34400e+07 1 2.23024e+00 2.09779e+04 172.38181 1.04248e-15 0.76472 2.69319e-13 2.52310e-13 9.41958e-14 0.00000e+00
9.36000e+07 1 2.95923e+00 1.56158e+04 173.08339 1.05495e-15 0.76444 1.60279e-13 -3.10553e-14 1.57242e-13 0.00000e+00
9.37600e+07 1 2.92490e+00 1.59176e+04 172.20606 1.03937e-15 0.76479 1.66537e-13 1.36238e-13 9.57810e-14 0.00000e+00
9.39200e+07 1 2.55973e+00 1.84171e+04 174.90222 1.08771e-15 0.76369 2.25433e-13 2.11502e-13 7.80185e-14 0.00000e+00
9.40800e+07 1 1.95847e+00 2.34513e+04 177.91087 1.14329e-15 0.76242 4.09491e-13 1.52743e-13 -3.79938e-13 0.00000e+00
9.42400e+07 1 2.83091e+00 1.65496e+04 172.42800 1.04330e-15 0.76470 1.79066e-13 1.16669e-13 1.35841e-13 0.00000e+00
9.44000e+07 1 3.24024e+00 1.38968e+04 175.10050 1.09131e-15 0.76361 1.42542e-13 -1.37405e-13 -3.79234e-14 0.00000e+00
9.45600e+07 1 3.50133e+00 1.24689e+04 175.23441 1.09376e-15 0.76355 1.21264e-13 8.04263e-14 9.07558e-14 0.00000e+00
9.47200e+07 1 2.34056e+00 2.00607e+04 174.28653 1.07654e-15 0.76394 2.65527e-13 2.58112e-13 -6.23103e-14 0.00000e+00
9.48800e+07 1 2.15663e+00 2.16660e+04 172.66067 1.04742e-15 0.76461 2.97942e-13 -9.30166e-14 -2.83051e-13 0.00000e+00
9.50400e+07 1 2.92168e+00 1.59672e+04 172.26544 1.04042e-15 0.76477 1.61870e-13 -1.52068e-13 5.54723e-14 0.00000e+00
9.52000e+07 1 2.83881e+00 1.64686e+04 172.58769 1.04613e-15 0.76464 1.78749e-13 4.27781e-14 1.73554e-13 0.00000e+00
9.53600e+07 1 1.80223e+00 2.51045e+04 173.63404 1.06480e-15 0.76421 4.40894e-13 3.46212e-13 -2.72992e-13 0.00000e+00
9.55200e+07 1 2.14594e+00 2.17085e+04 173.25741 1.05805e-15 0.76436 3.10257e-13 -2.75775e-13 -1.42152e-13 0.00000e+00
9.56800e+07 1 3.43981e+00 1.27194e+04 175.18650 1.09288e-15 0.76357 1.26548e-13 2.38336e-14 -1.24283e-13 0.00000e+00
9.58400e+07 1 1.87211e+00 2.43565e+04 175.95974 1.10704e-15 0.76325 4.30795e-13 -4.06258e-13 1.43311e-13 0.00000e+00
9.60000e+07 1 2.52331e+00 1.86673e+04 173.04031 1.05418e-15 0.76445 2.25054e-13 2.11456e-13 7.70414e-14 0.00000e+00
9.61600e+07 1 2.06208e+00 2.24798e+04 173.35191 1.05974e-15 0.76433 3.38369e-13 -1.53577e-13 -3.01509e-13 0.00000e+00
9.63200e+07 1 2.24673e+00 2.08136e+04 174.02690 1.07186e-15 0.76405 2.92476e-13 2.89461e-13 4.18874e-14 0.00000e+00
9.64800e+07 1 3.61047e+00 1.19672e+04 176.18117 1.11112e-15 0.76315 1.16699e-13 1.09874e-13 -3.93244e-14 0.00000e+00
9.66400e+07 1 3.99004e+00 9.03538e+03 185.58893 1.29314e-15 0.75900 1.11584e-13 1.11538e-13 3.18646e-15 0.00000e+00
9.68000e+07 1 2.21069e+00 2.10779e+04 174.03466 1.07200e-15 0.76405 3.01094e-13 -8.85423e-14 2.87781e-13 0.00000e+00
9.69600e+07 1 2.02010e+00 2.28316e+04 173.84599 1.06860e-15 0.76412 3.56250e-13 2.29501e-13 -2.72476e-13 0.00000e+00
9.71200e+07 1 2.01908e+00 2.29439e+04 180.17707 1.18632e-15 0.76144 3.96417e-13 -7.55384e-15 -3.96345e-13 0.00000e+00
