0.000000 0.205630 0.006756 0.017119 0.093315 0.048775 0.055723 0.044406 0.011215 
5049216000000.000000 0.176372 0.032056 0.034064 0.072623 0.046046 0.066902 0.020425 0.010426 
10098432000000.000000 0.116358 0.036730 0.026216 0.116625 0.043373 0.067637 0.011228 0.007412 
15147648000000.000000 0.097568 0.018169 0.009129 0.086331 0.039785 0.072271 0.035647 0.008861 
20196864000000.000000 0.138531 0.032245 0.048266 0.062651 0.034463 0.074943 0.059137 0.006161 
25246080000000.000000 0.194704 0.035543 0.013925 0.080906 0.030447 0.078740 0.070111 0.014600 
30295296000000.000000 0.186974 0.058720 0.005576 0.018588 0.027093 0.080023 0.066032 0.005582 
35344512000000.000000 0.198462 0.021931 0.062815 0.060857 0.027905 0.079401 0.045251 0.007414 
40393728000000.000000 0.223738 0.033317 0.016583 0.014940 0.029534 0.082401 0.025354 0.013830 
45442944000000.000000 0.189633 0.053105 0.034567 0.063268 0.032591 0.078472 0.016665 0.008444 
50492160000000.000000 0.116466 0.039315 0.038104 0.051332 0.034531 0.079568 0.043685 0.008978 
55541376000000.000000 0.108092 0.019636 0.022083 0.062977 0.036467 0.071991 0.058673 0.011521 
60590592000000.000000 0.131428 0.035710 0.038788 0.108708 0.039856 0.066443 0.069179 0.011059 
65639808000000.000000 0.159764 0.019162 0.009417 0.077015 0.044631 0.056576 0.064822 0.007234 
70689024000000.000000 0.165969 0.034827 0.030017 0.088505 0.049331 0.052981 0.043652 0.011422 
75738240000000.000000 0.206640 0.051185 0.026343 0.108897 0.054016 0.042375 0.026375 0.010013 
80787456000000.000000 0.247645 0.016440 0.015442 0.073113 0.056767 0.037808 0.008279 0.014909 
85836672000000.000000 0.202104 0.028985 0.051878 0.060626 0.057134 0.028465 0.037567 0.005451 
90885888000000.000000 0.143515 0.048439 0.017372 0.075271 0.056260 0.021158 0.052811 0.020558 
95935104000000.000000 0.143207 0.037602 0.013909 0.046981 0.056957 0.015579 0.065116 0.009419 
100984320000000.000000 0.135877 0.032577 0.049639 0.046959 0.058125 0.013526 0.060874 0.011794 
106033536000000.000000 0.127576 0.027346 0.025281 0.040851 0.059844 0.017020 0.036175 0.014697 
111082752000000.000000 0.140825 0.044173 0.037673 0.035123 0.059816 0.022093 0.014220 0.007418 
116131968000000.000000 0.211889 0.054023 0.030389 0.041340 0.058809 0.029200 0.018817 0.012377 
121181184000000.000000 0.245538 0.027650 0.011247 0.083816 0.054865 0.031486 0.045369 0.006775 
126230400000000.000000 0.204037 0.030800 0.050457 0.072942 0.051453 0.041492 0.057743 0.014905 
131279616000000.000000 0.166150 0.039231 0.016183 0.096636 0.047754 0.048925 0.066442 0.010363 
136328832000000.000000 0.171218 0.024019 0.008054 0.104031 0.044995 0.059753 0.060096 0.010217 
141378048000000.000000 0.131996 0.033089 0.045419 0.061702 0.040978 0.067280 0.040436 0.013696 
146427264000000.000000 0.092886 0.024344 0.007803 0.097340 0.038762 0.074384 0.016667 0.007590 
151476480000000.000000 0.120546 0.051898 0.015442 0.099076 0.035353 0.076343 0.021299 0.005762 
156525696000000.000000 0.193058 0.020746 0.046992 0.057053 0.032054 0.078323 0.048733 0.012421 
161574912000000.000000 0.218594 0.009776 0.018304 0.079792 0.027833 0.082341 0.062477 0.007628 
166624128000000.000000 0.196043 0.049313 0.036651 0.124216 0.027210 0.078661 0.073474 0.005888 
171673344000000.000000 0.201756 0.027401 0.028639 0.074869 0.028286 0.080894 0.062891 0.008943 
176722560000000.000000 0.202930 0.013862 0.028336 0.095431 0.032025 0.075516 0.042714 0.008447 
181771776000000.000000 0.139881 0.054872 0.023653 0.097436 0.035286 0.077236 0.017223 0.009448 
186820992000000.000000 0.089600 0.016683 0.020972 0.051293 0.039059 0.071256 0.019166 0.003570 
191870208000000.000000 0.124024 0.019122 0.051687 0.078278 0.041467 0.071096 0.043324 0.014512 
196919424000000.000000 0.182496 0.048780 0.024728 0.031052 0.044074 0.060274 0.056745 0.013594 
201968640000000.000000 0.195846 0.034654 0.029924 0.014556 0.047293 0.054316 0.063750 0.003804 
207017856000000.000000 0.199171 0.062408 0.040419 0.011618 0.051690 0.045379 0.055922 0.015906 
212067072000000.000000 0.240434 0.027888 0.036095 0.044848 0.055075 0.040079 0.036794 0.010281 
217116288000000.000000 0.233964 0.012534 0.043009 0.048575 0.059114 0.029746 0.008797 0.008061 
222165504000000.000000 0.161476 0.060493 0.016211 0.058207 0.059898 0.025225 0.020995 0.012320 
227214720000000.000000 0.120649 0.016180 0.015085 0.089802 0.059285 0.016584 0.047707 0.010371 
232263936000000.000000 0.142467 0.032988 0.033802 0.084715 0.057237 0.013257 0.064093 0.013858 
237313152000000.000000 0.173244 0.017355 0.031265 0.089228 0.056863 0.019165 0.063945 0.005722 
242362368000000.000000 0.181009 0.004482 0.027666 0.088717 0.057037 0.022985 0.053582 0.016138 
247411584000000.000000 0.199282 0.064555 0.030592 0.045159 0.057557 0.033074 0.037684 0.010415 
252460800000000.000000 0.258551 0.020155 0.036156 0.063146 0.056691 0.038736 0.011007 0.004947 
257510016000000.000000 0.234547 0.041469 0.032295 0.032562 0.054335 0.046201 0.024969 0.016211 
262559232000000.000000 0.174718 0.040803 0.046559 0.050311 0.049275 0.049049 0.047821 0.011024 
267608448000000.000000 0.148620 0.030036 0.021329 0.047415 0.044917 0.058521 0.070261 0.006610 
272657664000000.000000 0.154178 0.055750 0.012649 0.047602 0.040169 0.063982 0.066856 0.010386 
277706880000000.000000 0.154054 0.010100 0.039197 0.091217 0.037325 0.073761 0.057683 0.010830 
282756096000000.000000 0.163805 0.015637 0.028340 0.055573 0.033813 0.079178 0.041841 0.007202 
287805312000000.000000 0.199468 0.049307 0.038881 0.105456 0.032025 0.083183 0.008305 0.007115 
292854528000000.000000 0.256524 0.017546 0.016408 0.087203 0.029434 0.083680 0.026179 0.010613 
297903744000000.000000 0.235284 0.043083 0.029160 0.077735 0.027649 0.084969 0.044908 0.015204 
302952960000000.000000 0.179725 0.043480 0.033816 0.117750 0.027018 0.085730 0.067682 0.003125 
308002176000000.000000 0.174417 0.012442 0.009726 0.068073 0.030428 0.080247 0.062736 0.017403 
313051392000000.000000 0.160562 0.016457 0.051407 0.058962 0.034773 0.079251 0.048704 0.009656 
318100608000000.000000 0.140025 0.042093 0.008323 0.077965 0.039277 0.071680 0.034183 0.004655 
323149824000000.000000 0.137600 0.044351 0.017922 0.064352 0.042840 0.070884 0.008419 0.010101 
328199040000000.000000 0.205683 0.033932 0.051046 0.034945 0.045645 0.062954 0.028303 0.008482 
333248256000000.000000 0.251474 0.026675 0.012035 0.077164 0.048707 0.058965 0.047120 0.010958 
338297472000000.000000 0.229896 0.047881 0.036530 0.070601 0.050694 0.045979 0.065771 0.004518 
343346688000000.000000 0.192996 0.047176 0.036753 0.053535 0.053695 0.038801 0.068708 0.014180 
348395904000000.000000 0.193980 0.017411 0.015065 0.080212 0.056324 0.029683 0.054306 0.013133 
353445120000000.000000 0.166365 0.028929 0.043871 0.090319 0.059120 0.023636 0.029827 0.004812 
358494336000000.000000 0.111854 0.029814 0.012687 0.080195 0.061130 0.017108 0.009329 0.012134 
363543552000000.000000 0.109373 0.024966 0.022279 0.101411 0.061109 0.013926 0.033585 0.014764 
368592768000000.000000 0.178290 0.048965 0.022813 0.089185 0.059084 0.016720 0.053609 0.005705 
373641984000000.000000 0.219271 0.015633 0.017461 0.073198 0.056328 0.022736 0.063611 0.011480 
378691200000000.000000 0.200835 0.031265 0.046977 0.081001 0.054251 0.033774 0.064404 0.014246 
383740416000000.000000 0.202255 0.052194 0.030730 0.041174 0.053718 0.040117 0.053608 0.008793 
388789632000000.000000 0.213270 0.024145 0.026346 0.069009 0.053210 0.051510 0.026425 0.009926 
393838848000000.000000 0.155755 0.060455 0.028650 0.034939 0.051556 0.056105 0.009853 0.009381 
398888064000000.000000 0.101363 0.003806 0.037130 0.073909 0.047285 0.064218 0.026526 0.017420 
403937280000000.000000 0.103556 0.005903 0.040807 0.068262 0.042026 0.067198 0.054540 0.004816 
408986496000000.000000 0.157798 0.053717 0.020647 0.065074 0.036213 0.073749 0.062518 0.015910 
414035712000000.000000 0.184145 0.018990 0.015333 0.099201 0.032294 0.076385 0.062958 0.015316 
419084928000000.000000 0.181019 0.044258 0.039140 0.060186 0.030380 0.083929 0.053888 0.003540 
424134144000000.000000 0.230806 0.030040 0.032520 0.117051 0.030322 0.083677 0.022087 0.011042 
429183360000000.000000 0.241902 0.017731 0.015554 0.100773 0.029102 0.085917 0.009824 0.010945 
434232576000000.000000 0.177642 0.039173 0.048361 0.055396 0.029103 0.082359 0.034683 0.007798 
439281792000000.000000 0.125286 0.036200 0.007049 0.088053 0.028749 0.082365 0.060117 0.007568 
444331008000000.000000 0.130519 0.048146 0.006585 0.086042 0.032923 0.076882 0.065585 0.008479 
449380224000000.000000 0.138897 0.018932 0.050620 0.042040 0.037220 0.073710 0.062131 0.015403 
454429440000000.000000 0.146926 0.012831 0.021956 0.071027 0.043316 0.066574 0.052432 0.001108 
459478656000000.000000 0.166118 0.060687 0.022786 0.090998 0.047023 0.059406 0.026661 0.009711 
464527872000000.000000 0.238739 0.015454 0.043036 0.045669 0.050181 0.055431 0.008884 0.012610 
469577088000000.000000 0.244404 0.023489 0.032905 0.067264 0.051620 0.047208 0.031919 0.006707 
474626304000000.000000 0.185766 0.052083 0.037362 0.082014 0.054166 0.039333 0.058765 0.008058 
479675520000000.000000 0.162623 0.028940 0.017435 0.066144 0.055591 0.027009 0.066071 0.013277 
484724736000000.000000 0.153125 0.038756 0.020148 0.081256 0.057362 0.020771 0.065634 0.007314 
489773952000000.000000 0.114217 0.030313 0.033475 0.104971 0.058339 0.013088 0.050472 0.008194 
494823168000000.000000 0.098905 0.009281 0.004876 0.082611 0.060569 0.015961 0.024296 0.008971 
499872384000000.000000 0.140634 0.032376 0.043968 0.099439 0.060740 0.015975 0.008492 0.013599 
504921600000000.000000 0.210767 0.039252 0.008645 0.076034 0.059906 0.020534 0.033529 0.009731 
509970816000000.000000 0.217012 0.042384 0.018765 0.068109 0.056596 0.030036 0.055140 0.007836 
515020032000000.000000 0.182371 0.047112 0.045039 0.075645 0.053424 0.037383 0.061139 0.020726 
520069248000000.000000 0.196922 0.021722 0.024983 0.044603 0.049406 0.047127 0.057812 0.005286 
525118464000000.000000 0.176447 0.018551 0.046810 0.073792 0.048252 0.053668 0.042948 0.012728 
530167680000000.000000 0.109974 0.058407 0.010780 0.029135 0.046664 0.064155 0.018714 0.013362 
535216896000000.000000 0.088069 0.033687 0.012201 0.074236 0.044711 0.066085 0.013856 0.009102 
540266112000000.000000 0.136220 0.025066 0.051812 0.066717 0.038767 0.074772 0.039976 0.010494 
545315328000000.000000 0.183984 0.028609 0.010797 0.079854 0.033783 0.074688 0.061705 0.007575 
550364544000000.000000 0.190841 0.032891 0.025379 0.111689 0.028530 0.079618 0.070799 0.016079 
555413760000000.000000 0.202633 0.051244 0.037832 0.064699 0.027181 0.079155 0.064770 0.005423 
560462976000000.000000 0.242415 0.008790 0.017431 0.094557 0.028228 0.084039 0.044658 0.010149 
565512192000000.000000 0.205504 0.047007 0.026093 0.106050 0.031667 0.079487 0.023064 0.013165 
570561408000000.000000 0.133425 0.019374 0.045712 0.051743 0.032104 0.080266 0.019892 0.008183 
575610624000000.000000 0.115920 0.013435 0.031028 0.047920 0.033501 0.074306 0.042659 0.007626 
580659840000000.000000 0.142629 0.059076 0.016312 0.087564 0.035005 0.070951 0.058289 0.014081 
585709056000000.000000 0.152557 0.007118 0.033078 0.050826 0.040878 0.064035 0.069782 0.006074 
590758272000000.000000 0.162676 0.010266 0.048896 0.039911 0.045467 0.058471 0.065783 0.007389 
595807488000000.000000 0.205061 0.066932 0.016362 0.069551 0.050971 0.050312 0.043519 0.007524 
600856704000000.000000 0.252589 0.015857 0.026980 0.056257 0.053695 0.043176 0.023282 0.009219 
605905920000000.000000 0.212002 0.043559 0.042194 0.045822 0.055874 0.039808 0.009511 0.010217 
610955136000000.000000 0.156127 0.030322 0.031489 0.092949 0.055892 0.031005 0.042410 0.001058 
616004352000000.000000 0.150127 0.009921 0.016722 0.091978 0.057701 0.022818 0.052276 0.017670 
621053568000000.000000 0.140363 0.040240 0.031258 0.087168 0.057800 0.013159 0.063107 0.012382 
626102784000000.000000 0.119606 0.019435 0.007856 0.099684 0.058374 0.012064 0.059181 0.010780 
631152000000000.000000 0.129546 0.043609 0.018217 0.070617 0.058269 0.016989 0.032787 0.014909 
636201216000000.000000 0.200098 0.029796 0.043086 0.092984 0.059441 0.022929 0.012045 0.007921 
641250432000000.000000 0.232713 0.024165 0.014115 0.059841 0.058477 0.027081 0.016775 0.009154 
646299648000000.000000 0.206390 0.041760 0.051436 0.033733 0.056312 0.034164 0.048151 0.008827 
651348864000000.000000 0.183004 0.055954 0.018720 0.041246 0.051935 0.044400 0.060006 0.011959 
656398080000000.000000 0.187232 0.039843 0.012607 0.020516 0.047579 0.049699 0.066165 0.012858 
661447296000000.000000 0.146153 0.013806 0.058448 0.022854 0.042682 0.060353 0.063017 0.006852 
666496512000000.000000 0.100783 0.037322 0.010951 0.030865 0.041313 0.064459 0.042250 0.017148 
671545728000000.000000 0.117490 0.054990 0.009532 0.077116 0.039247 0.073519 0.014071 0.009545 
676594944000000.000000 0.188854 0.024100 0.046497 0.062300 0.036849 0.074098 0.021114 0.008229 
681644160000000.000000 0.210597 0.015832 0.010919 0.067233 0.031002 0.081389 0.050619 0.014123 
686693376000000.000000 0.199564 0.039643 0.045797 0.115916 0.027576 0.078218 0.065955 0.011941 
691742592000000.000000 0.221852 0.040929 0.020394 0.068361 0.025321 0.082135 0.068788 0.007725 
696791808000000.000000 0.225295 0.023743 0.024332 0.075052 0.028473 0.081634 0.057924 0.011787 
701841024000000.000000 0.161803 0.052041 0.033851 0.087288 0.032124 0.081658 0.043110 0.008977 
706890240000000.000000 0.116052 0.010865 0.022894 0.039647 0.037314 0.077384 0.014101 0.010667 
711939456000000.000000 0.124949 0.018800 0.046967 0.083985 0.038167 0.074936 0.018531 0.004982 
716988672000000.000000 0.169564 0.051083 0.010265 0.038562 0.040561 0.067583 0.039644 0.013786 
722037888000000.000000 0.174263 0.032887 0.010164 0.072397 0.042881 0.060826 0.060550 0.014284 
727087104000000.000000 0.193236 0.043673 0.045053 0.076539 0.048471 0.053979 0.065646 0.005524 
732136320000000.000000 0.248038 0.026301 0.027043 0.060775 0.052703 0.043826 0.052446 0.015385 
737185536000000.000000 0.246105 0.010155 0.036728 0.088540 0.056634 0.036560 0.037880 0.008100 
742234752000000.000000 0.178577 0.060022 0.023216 0.054210 0.058368 0.030181 0.007969 0.006237 
747283968000000.000000 0.152638 0.014450 0.015302 0.087164 0.058929 0.027857 0.028552 0.010231 
752333184000000.000000 0.147669 0.033462 0.032266 0.077870 0.058620 0.018296 0.047399 0.007110 
757382400000000.000000 0.140557 0.020221 0.030959 0.085778 0.058739 0.015976 0.064722 0.011687 
762431616000000.000000 0.141167 0.004139 0.023108 0.086128 0.057680 0.016764 0.067052 0.003260 
767480832000000.000000 0.179635 0.056849 0.029006 0.050391 0.057182 0.023587 0.050633 0.014321 
772530048000000.000000 0.250987 0.023503 0.029134 0.065584 0.056129 0.033314 0.035309 0.011145 
777579264000000.000000 0.236642 0.051556 0.022397 0.038017 0.056153 0.037931 0.012832 0.006578 
782628480000000.000000 0.194075 0.032889 0.056369 0.023232 0.053905 0.046205 0.027079 0.011606 
787677696000000.000000 0.189200 0.031599 0.021902 0.015122 0.050564 0.052450 0.046540 0.015590 
792726912000000.000000 0.169491 0.059258 0.012071 0.040079 0.044835 0.062857 0.066975 0.003423 
797776128000000.000000 0.115190 0.009218 0.045466 0.066659 0.039128 0.067023 0.069752 0.015515 
802825344000000.000000 0.110299 0.005650 0.027486 0.045700 0.035408 0.075756 0.057129 0.008857 
807874560000000.000000 0.160732 0.046890 0.035397 0.098726 0.033882 0.077397 0.036233 0.012001 
812923776000000.000000 0.218888 0.020298 0.014285 0.088504 0.032807 0.084522 0.009194 0.008415 
817972992000000.000000 0.210712 0.049535 0.023869 0.061681 0.030788 0.083298 0.029461 0.011651 
823022208000000.000000 0.204493 0.036110 0.044939 0.110777 0.027357 0.085477 0.047535 0.015864 
828071424000000.000000 0.222145 0.015082 0.005706 0.059169 0.026785 0.081569 0.064492 0.002593 
833120640000000.000000 0.185392 0.029893 0.044158 0.092981 0.029038 0.081097 0.062731 0.019287 
838169856000000.000000 0.113814 0.044676 0.009530 0.075502 0.034944 0.079499 0.049644 0.013028 
843219072000000.000000 0.111688 0.038639 0.009277 0.047499 0.040343 0.074775 0.031126 0.006779 
848268288000000.000000 0.156543 0.034314 0.047310 0.079926 0.044297 0.071400 0.006733 0.011569 
853317504000000.000000 0.180420 0.022726 0.018574 0.027675 0.045870 0.062243 0.029808 0.009803 
858366720000000.000000 0.187517 0.039738 0.045303 0.053116 0.047696 0.057468 0.050579 0.008523 
863415936000000.000000 0.228588 0.056597 0.028529 0.033809 0.050064 0.045462 0.066990 0.005682 
868465152000000.000000 0.253821 0.028277 0.010232 0.059561 0.054376 0.037979 0.067961 0.011386 
873514368000000.000000 0.205532 0.025726 0.049613 0.080423 0.057555 0.025235 0.054762 0.010689 
878563584000000.000000 0.144660 0.034657 0.014216 0.069823 0.059925 0.020680 0.029407 0.002842 
883612800000000.000000 0.143126 0.022566 0.022216 0.093201 0.060172 0.015840 0.007138 0.010340 
888662016000000.000000 0.156738 0.050870 0.020550 0.076845 0.060134 0.016447 0.033226 0.012136 
893711232000000.000000 0.145642 0.019153 0.019278 0.058606 0.059013 0.017729 0.053959 0.004009 
898760448000000.000000 0.167181 0.026898 0.046316 0.061853 0.057153 0.022653 0.063323 0.010327 
903809664000000.000000 0.229837 0.051921 0.027629 0.014780 0.055374 0.034941 0.062437 0.011462 
908858880000000.000000 0.259466 0.026080 0.030701 0.028492 0.053203 0.041018 0.053698 0.005696 
913908096000000.000000 0.206447 0.059194 0.039061 0.004831 0.051929 0.051217 0.025011 0.008406 
918957312000000.000000 0.180756 0.019833 0.036807 0.056881 0.050317 0.054608 0.004289 0.008412 
924006528000000.000000 0.168698 0.011303 0.038643 0.057135 0.047539 0.064284 0.028153 0.013193 
929055744000000.000000 0.141489 0.053683 0.018560 0.059643 0.042188 0.067426 0.058466 0.009796 
934104960000000.000000 0.111488 0.017804 0.013102 0.097194 0.035828 0.076555 0.061940 0.012482 
939154176000000.000000 0.143812 0.035674 0.035817 0.060927 0.030936 0.078820 0.060778 0.018854 
944203392000000.000000 0.214163 0.024904 0.028846 0.107298 0.029496 0.081453 0.052042 0.001861 
949252608000000.000000 0.229818 0.016831 0.019347 0.095407 0.029336 0.085552 0.020048 0.012907 
954301824000000.000000 0.204627 0.049158 0.045809 0.058261 0.030363 0.084149 0.013711 0.013314 
959351040000000.000000 0.219352 0.034168 0.016237 0.095426 0.029884 0.083430 0.033498 0.008148 
964400256000000.000000 0.201099 0.048144 0.006539 0.062548 0.029672 0.077388 0.063228 0.009937 
969449472000000.000000 0.137050 0.017019 0.054353 0.016287 0.031928 0.075783 0.067828 0.009498 
974498688000000.000000 0.105874 0.022050 0.024068 0.042622 0.037386 0.067650 0.062857 0.015546 
979547904000000.000000 0.132801 0.058319 0.020499 0.054741 0.043808 0.066643 0.055595 0.004228 
984597120000000.000000 0.180676 0.019823 0.041665 0.020106 0.048657 0.058252 0.026407 0.012485 
989646336000000.000000 0.193353 0.022506 0.035235 0.039839 0.051060 0.053724 0.011412 0.013279 
994695552000000.000000 0.202486 0.054242 0.039636 0.079470 0.052543 0.045104 0.032192 0.007589 
999744768000000.000000 0.249492 0.026078 0.020553 0.065653 0.052894 0.039291 0.059115 0.009028 
1004793984000000.000000 0.225277 0.042670 0.018335 0.075980 0.055460 0.026786 0.067517 0.016712 
1009843200000000.000000 0.155786 0.035530 0.034971 0.102259 0.057625 0.017874 0.060229 0.002807 
1014892416000000.000000 0.136046 0.006245 0.007286 0.075800 0.060064 0.012454 0.045601 0.009785 
1019941632000000.000000 0.138377 0.024903 0.042105 0.090785 0.060010 0.010622 0.023332 0.006598 
1024990848000000.000000 0.148334 0.038660 0.006470 0.068227 0.060182 0.018686 0.010610 0.011788 
1030040064000000.000000 0.153474 0.044229 0.011598 0.063193 0.058828 0.020999 0.033730 0.007534 
1035089280000000.000000 0.203286 0.037814 0.046146 0.072003 0.056626 0.029266 0.052895 0.005887 
1040138496000000.000000 0.251344 0.025874 0.016868 0.050136 0.053282 0.038031 0.063962 0.018300 
1045187712000000.000000 0.233159 0.023571 0.046988 0.077786 0.050601 0.048646 0.061643 0.006920 
1050236928000000.000000 0.174866 0.060821 0.016853 0.035481 0.046942 0.054290 0.039832 0.010078 
1055286144000000.000000 0.176681 0.024898 0.014412 0.076244 0.045569 0.061064 0.018986 0.013259 
1060335360000000.000000 0.153594 0.028842 0.046302 0.068463 0.042877 0.067015 0.016788 0.007610 
1065384576000000.000000 0.121390 0.025120 0.017087 0.073747 0.039940 0.070378 0.048184 0.007980 
1070433792000000.000000 0.128985 0.027734 0.025180 0.104991 0.032915 0.076221 0.061350 0.008949 
1075483008000000.000000 0.193975 0.046886 0.029816 0.058182 0.028792 0.078311 0.069396 0.013864 
1080532224000000.000000 0.237237 0.008372 0.015917 0.092012 0.026106 0.081611 0.066197 0.008110 
1085581440000000.000000 0.215403 0.052432 0.031980 0.093440 0.028377 0.080166 0.042027 0.009166 
1090630656000000.000000 0.205204 0.026174 0.050345 0.026801 0.030177 0.084856 0.022293 0.014544 
1095679872000000.000000 0.210125 0.015113 0.032813 0.044777 0.033680 0.077821 0.017765 0.012066 
1100729088000000.000000 0.166787 0.065704 0.013735 0.058892 0.034244 0.077332 0.042538 0.005268 
1105778304000000.000000 0.104652 0.010606 0.038861 0.023193 0.036457 0.067502 0.058023 0.018902 
1110827520000000.000000 0.113465 0.002434 0.046969 0.009586 0.039673 0.063726 0.067115 0.008950 
1115876736000000.000000 0.168492 0.057254 0.017475 0.057393 0.046366 0.054283 0.065903 0.011341 
1120925952000000.000000 0.193748 0.022421 0.020522 0.069062 0.051366 0.051194 0.042731 0.010764 
1125975168000000.000000 0.190642 0.050340 0.038113 0.051344 0.055284 0.042204 0.017742 0.011081 
1131024384000000.000000 0.225416 0.027884 0.035146 0.097625 0.056327 0.037418 0.013985 0.010909 
1136073600000000.000000 0.234514 0.009272 0.019053 0.089879 0.056689 0.032191 0.044064 0.004111 
1141122816000000.000000 0.177604 0.043598 0.036660 0.085835 0.056088 0.024538 0.054766 0.016679 
1146172032000000.000000 0.123592 0.028717 0.008186 0.093406 0.057854 0.015861 0.061726 0.012895 
1151221248000000.000000 0.131304 0.040205 0.013430 0.068330 0.058810 0.010548 0.055120 0.010624 
1156270464000000.000000 0.150446 0.029496 0.040023 0.088766 0.059728 0.016518 0.033728 0.015734 
1161319680000000.000000 0.154831 0.017382 0.019075 0.052749 0.058611 0.021801 0.011763 0.005769 
1166368896000000.000000 0.175181 0.041635 0.049823 0.031961 0.057897 0.030246 0.018850 0.007080 
1171418112000000.000000 0.247336 0.050590 0.019041 0.035666 0.054930 0.034599 0.048190 0.008351 
1176467328000000.000000 0.250896 0.049399 0.005772 0.019582 0.051795 0.045091 0.061899 0.009154 
1181516544000000.000000 0.194824 0.020675 0.062703 0.024229 0.046917 0.055050 0.069457 0.008671 
1186565760000000.000000 0.161098 0.040205 0.008176 0.036434 0.043786 0.061875 0.063177 0.003288 
1191614976000000.000000 0.157855 0.049382 0.016056 0.081034 0.039381 0.069341 0.040901 0.012911 
1196664192000000.000000 0.129981 0.035898 0.040748 0.060556 0.038353 0.072006 0.015003 0.010129 
1201713408000000.000000 0.114768 0.013871 0.007935 0.072796 0.035395 0.077298 0.022116 0.004689 
1206762624000000.000000 0.157388 0.031008 0.045731 0.112506 0.032472 0.077715 0.050667 0.012173 
1211811840000000.000000 0.229743 0.034551 0.015647 0.056513 0.027202 0.083131 0.064497 0.014270 
1216861056000000.000000 0.233659 0.031938 0.031322 0.078984 0.026245 0.079557 0.065789 0.004218 
1221910272000000.000000 0.192306 0.060011 0.036119 0.072659 0.027844 0.083029 0.056328 0.013781 
1226959488000000.000000 0.203611 0.011396 0.023918 0.052143 0.032723 0.080625 0.040889 0.009121 
1232008704000000.000000 0.175377 0.015048 0.048216 0.090180 0.036166 0.082093 0.011348 0.011774 
1237057920000000.000000 0.114079 0.051058 0.017744 0.041227 0.040249 0.074075 0.018056 0.007410 
1242107136000000.000000 0.089270 0.029317 0.014246 0.079479 0.041464 0.071002 0.041296 0.012412 
1247156352000000.000000 0.137339 0.049506 0.034158 0.070394 0.044306 0.059363 0.064105 0.017073 
1252205568000000.000000 0.186022 0.009824 0.030812 0.052645 0.047368 0.052526 0.065591 0.003619 
1257254784000000.000000 0.191260 0.010203 0.043772 0.074859 0.053211 0.043051 0.051589 0.017520 
1262304000000000.000000 0.200709 0.066464 0.021310 0.041895 0.056810 0.036337 0.036638 0.010715 
1267353216000000.000000 0.247918 0.010801 0.021236 0.082618 0.059625 0.028002 0.006992 0.007851 
1272402432000000.000000 0.204038 0.041003 0.037186 0.066990 0.059309 0.023941 0.031413 0.012205 
1277451648000000.000000 0.133987 0.026571 0.033922 0.088012 0.058692 0.021151 0.046399 0.010446 
1282500864000000.000000 0.118970 0.003667 0.020529 0.088734 0.057267 0.016377 0.066281 0.009306 
1287550080000000.000000 0.135847 0.049801 0.032113 0.054791 0.057822 0.019841 0.068996 0.006658 
1292599296000000.000000 0.147115 0.032822 0.020284 0.065805 0.057511 0.024089 0.050792 0.012060 
1297648512000000.000000 0.156609 0.047167 0.023463 0.043845 0.057469 0.034264 0.036284 0.010704 
1302697728000000.000000 0.212025 0.033466 0.055049 0.009383 0.055096 0.039813 0.010758 0.005202 
1307746944000000.000000 0.262482 0.023800 0.027336 0.016671 0.053010 0.047777 0.030065 0.009897 
1312796160000000.000000 0.213020 0.069025 0.012965 0.037622 0.048803 0.053646 0.047483 0.013800 
1317845376000000.000000 0.165962 0.015035 0.049559 0.050940 0.044649 0.063072 0.064229 0.001175 
1322894592000000.000000 0.161651 0.010979 0.027852 0.040381 0.038965 0.072181 0.070671 0.015169 
1327943808000000.000000 0.134422 0.045771 0.036226 0.099050 0.035708 0.077272 0.052546 0.008054 
1332993024000000.000000 0.098062 0.025719 0.014069 0.077530 0.032536 0.082701 0.030121 0.008879 
1338042240000000.000000 0.116429 0.041002 0.024829 0.077758 0.032112 0.081906 0.007755 0.006901 
1343091456000000.000000 0.188974 0.034305 0.036786 0.115704 0.029546 0.086157 0.031150 0.008804 
1348140672000000.000000 0.224552 0.014850 0.003046 0.065700 0.028799 0.082999 0.050336 0.013189 
1353189888000000.000000 0.196531 0.033594 0.050216 0.101369 0.027332 0.083772 0.062633 0.005305 
1358239104000000.000000 0.190823 0.046915 0.015418 0.079899 0.030447 0.076731 0.063701 0.014575 
1363288320000000.000000 0.203430 0.032048 0.024978 0.028302 0.034612 0.077462 0.054318 0.016425 
1368337536000000.000000 0.135285 0.051938 0.041117 0.053313 0.040449 0.071907 0.028658 0.003864 
1373386752000000.000000 0.085634 0.016170 0.026944 0.053085 0.044463 0.071001 0.007998 0.013256 
1378435968000000.000000 0.101759 0.032906 0.045299 0.033863 0.047468 0.062475 0.031178 0.010869 
1383485184000000.000000 0.156362 0.051541 0.025224 0.038636 0.048697 0.055990 0.057105 0.010129 
1388534400000000.000000 0.171882 0.029588 0.014800 0.064222 0.050863 0.044166 0.067940 0.008903 
1393583616000000.000000 0.185117 0.028883 0.054811 0.058568 0.053166 0.036247 0.063860 0.012253 
1398632832000000.000000 0.234066 0.042534 0.009356 0.067337 0.057311 0.025421 0.054881 0.012165 
1403682048000000.000000 0.241307 0.027310 0.018522 0.097842 0.060176 0.018331 0.028457 0.006895 
1408731264000000.000000 0.167695 0.050520 0.033014 0.079628 0.061496 0.013463 0.007894 0.012330 
1413780480000000.000000 0.134471 0.011608 0.014405 0.080942 0.060145 0.013522 0.029165 0.014826 
1418829696000000.000000 0.137094 0.028452 0.036066 0.087197 0.058048 0.020058 0.053239 0.005989 
1423878912000000.000000 0.130465 0.036971 0.032474 0.047846 0.056181 0.025894 0.064444 0.013750 
1428928128000000.000000 0.124772 0.029199 0.020988 0.065416 0.055263 0.034596 0.059752 0.014038 
1433977344000000.000000 0.170707 0.059416 0.029019 0.033302 0.053792 0.042463 0.052437 0.004464 
1439026560000000.000000 0.236093 0.012997 0.037020 0.068611 0.052969 0.052293 0.025633 0.010425 
1444075776000000.000000 0.234063 0.012947 0.042748 0.058889 0.049402 0.055399 0.007430 0.008103 
1449124992000000.000000 0.178226 0.060416 0.029241 0.059898 0.045965 0.061942 0.032368 0.010975 
1454174208000000.000000 0.177630 0.020148 0.019063 0.088056 0.040886 0.066200 0.058900 0.008127 
1459223424000000.000000 0.156039 0.041366 0.031315 0.053123 0.036537 0.073940 0.065640 0.009925 
1464272640000000.000000 0.098637 0.022707 0.033768 0.111592 0.031504 0.078798 0.059239 0.017557 
1469321856000000.000000 0.084934 0.009093 0.016170 0.086265 0.029570 0.083713 0.047345 0.003703 
1474371072000000.000000 0.139300 0.042953 0.040125 0.076059 0.028905 0.084891 0.022078 0.012454 
1479420288000000.000000 0.196598 0.025675 0.010532 0.106116 0.029218 0.083059 0.015987 0.010007 
1484469504000000.000000 0.194573 0.053340 0.014352 0.064801 0.029028 0.084156 0.034352 0.008020 
1489518720000000.000000 0.200843 0.028083 0.056349 0.037412 0.030379 0.077909 0.061549 0.006694 
1494567936000000.000000 0.226791 0.025872 0.016392 0.065352 0.033780 0.074386 0.069928 0.011293 
1499617152000000.000000 0.192853 0.051122 0.033569 0.058611 0.038243 0.064893 0.065614 0.010524 
1504666368000000.000000 0.114296 0.037069 0.037737 0.025461 0.043020 0.062880 0.054718 0.009666 
1509715584000000.000000 0.108248 0.020279 0.029050 0.057579 0.048295 0.054400 0.025827 0.009535 
1514764800000000.000000 0.135087 0.044590 0.041709 0.068066 0.051774 0.053738 0.014312 0.015313 
1519814016000000.000000 0.153794 0.028648 0.017006 0.048438 0.053465 0.044681 0.034505 0.008558 
1524863232000000.000000 0.164400 0.047798 0.021552 0.072937 0.054072 0.037612 0.058463 0.007744 
1529912448000000.000000 0.220090 0.032462 0.039596 0.098671 0.055262 0.027343 0.065450 0.019630 
1534961664000000.000000 0.257680 0.011313 0.003095 0.076502 0.056476 0.020453 0.058091 0.005756 
1540010880000000.000000 0.213909 0.035004 0.042235 0.097472 0.059091 0.011125 0.041988 0.013410 
1545060096000000.000000 0.161944 0.041561 0.017778 0.072546 0.061164 0.008810 0.019833 0.009802 
1550109312000000.000000 0.166549 0.032782 0.016248 0.067277 0.061376 0.014823 0.012029 0.013591 
1555158528000000.000000 0.134765 0.044638 0.037570 0.072631 0.058578 0.019733 0.035686 0.009250 
1560207744000000.000000 0.102119 0.012482 0.025352 0.042925 0.055163 0.032160 0.053945 0.007967 
1565256960000000.000000 0.125315 0.024657 0.046197 0.061649 0.052332 0.038038 0.064532 0.017705 
1570306176000000.000000 0.197047 0.058518 0.010562 0.022015 0.050082 0.048792 0.063140 0.006529 
1575355392000000.000000 0.225064 0.034024 0.016284 0.061785 0.048008 0.056322 0.039074 0.010664 
1580404608000000.000000 0.202315 0.033458 0.055567 0.049896 0.046399 0.064114 0.016427 0.014026 
1585453824000000.000000 0.199105 0.039920 0.017116 0.075656 0.042381 0.064744 0.018598 0.006206 
1590503040000000.000000 0.202136 0.025859 0.022627 0.100043 0.037869 0.070419 0.051158 0.005923 
1595552256000000.000000 0.136353 0.046046 0.034007 0.059019 0.032906 0.072198 0.061192 0.010130 
1600601472000000.000000 0.087322 0.012839 0.009523 0.098955 0.029653 0.076931 0.068565 0.008865 
1605650688000000.000000 0.116445 0.038198 0.028881 0.103388 0.027588 0.080590 0.067944 0.006068 
1610699904000000.000000 0.158286 0.023661 0.042522 0.042127 0.028458 0.082590 0.041206 0.005428 
1615749120000000.000000 0.174482 0.012204 0.031622 0.054133 0.030377 0.082293 0.020771 0.012748 
1620798336000000.000000 0.193072 0.067755 0.022217 0.079491 0.032107 0.079955 0.012575 0.008404 
1625847552000000.000000 0.246058 0.006772 0.040343 0.032220 0.033770 0.079801 0.045113 0.001810 
1630896768000000.000000 0.238096 0.008849 0.047488 0.028938 0.037170 0.069735 0.058252 0.015832 
1635945984000000.000000 0.166403 0.064046 0.018548 0.057205 0.041918 0.065032 0.063668 0.011549 
1640995200000000.000000 0.136454 0.025378 0.022813 0.050973 0.046372 0.053596 0.065766 0.008112 
1646044416000000.000000 0.140913 0.035232 0.042059 0.037108 0.050493 0.049157 0.039674 0.013496 
1651093632000000.000000 0.128153 0.029269 0.029467 0.088684 0.054414 0.041016 0.012278 0.008817 
1656142848000000.000000 0.120879 0.018197 0.019443 0.089906 0.056958 0.039685 0.014018 0.010992 
1661192064000000.000000 0.174116 0.047233 0.036144 0.076446 0.057375 0.029975 0.045118 0.005609 
1666241280000000.000000 0.236934 0.018641 0.009860 0.101030 0.057365 0.023994 0.058554 0.014675 
1671290496000000.000000 0.224332 0.041974 0.022404 0.072119 0.057299 0.018491 0.061133 0.014437 
1676339712000000.000000 0.182367 0.038106 0.042633 0.085367 0.057626 0.014147 0.054499 0.005522 
1681388928000000.000000 0.182236 0.017735 0.016594 0.063836 0.059214 0.016821 0.038065 0.019743 
1686438144000000.000000 0.160670 0.036860 0.045484 0.028114 0.059994 0.019815 0.010198 0.007610 
1691487360000000.000000 0.092129 0.049217 0.018209 0.047599 0.058717 0.029235 0.022107 0.010409 
1696536576000000.000000 0.086543 0.037046 0.014089 0.055783 0.054605 0.034956 0.047974 0.009757 
1701585792000000.000000 0.138381 0.024849 0.053421 0.032853 0.050172 0.047417 0.066649 0.013708 
1706635008000000.000000 0.181156 0.030444 0.011483 0.058710 0.045951 0.053425 0.070692 0.007471 
1711684224000000.000000 0.180967 0.055171 0.011116 0.078614 0.043258 0.064887 0.057113 0.008270 
1716733440000000.000000 0.210054 0.025463 0.053586 0.045952 0.040709 0.071630 0.040458 0.012161 
1721782656000000.000000 0.239565 0.014364 0.013132 0.067468 0.038985 0.076915 0.015034 0.011231 
1726831872000000.000000 0.194865 0.046329 0.034646 0.112611 0.034599 0.077888 0.025670 0.004983 
1731881088000000.000000 0.128779 0.032627 0.025198 0.077374 0.030665 0.079860 0.046119 0.013307 
1736930304000000.000000 0.129677 0.024746 0.017668 0.070674 0.027193 0.080300 0.062710 0.013010 
1741979520000000.000000 0.134235 0.043167 0.035525 0.104230 0.026848 0.081189 0.068752 0.003952 
1747028736000000.000000 0.122893 0.010128 0.020985 0.044478 0.029616 0.083220 0.054144 0.013760 
1752077952000000.000000 0.143352 0.029770 0.046470 0.067124 0.033223 0.079393 0.038555 0.007230 
1757127168000000.000000 0.214506 0.058121 0.019851 0.048416 0.036529 0.079553 0.012491 0.009406 
1762176384000000.000000 0.244647 0.035761 0.011883 0.034390 0.038959 0.075006 0.025023 0.005334 
1767225600000000.000000 0.198912 0.030167 0.058812 0.065157 0.041520 0.072182 0.046339 0.009581 
1772274816000000.000000 0.170572 0.041928 0.016401 0.036416 0.045426 0.061291 0.062884 0.014175 
1777324032000000.000000 0.177743 0.033728 0.021609 0.082294 0.049080 0.053896 0.067289 0.000735 
1782373248000000.000000 0.116097 0.047030 0.037371 0.061123 0.053044 0.041443 0.050266 0.015297 
1787422464000000.000000 0.072613 0.003348 0.011505 0.087843 0.055842 0.036189 0.032032 0.012731 
1792471680000000.000000 0.099025 0.033755 0.032284 0.101186 0.058730 0.027781 0.009818 0.006745 
1797520896000000.000000 0.158579 0.029000 0.030547 0.071719 0.059759 0.024110 0.030458 0.009883 
1802570112000000.000000 0.181894 0.008137 0.023897 0.084820 0.059522 0.016664 0.047055 0.013690 
1807619328000000.000000 0.173762 0.062580 0.023421 0.078142 0.058049 0.017296 0.065605 0.007461 
1812668544000000.000000 0.224738 0.012878 0.034921 0.048905 0.056889 0.022786 0.068751 0.010814 
1817717760000000.000000 0.217683 0.023136 0.035783 0.064381 0.056498 0.027613 0.054341 0.010057 
1822766976000000.000000 0.154152 0.057242 0.034497 0.068392 0.057163 0.035194 0.035804 0.014925 
1827816192000000.000000 0.137338 0.022213 0.021578 0.041154 0.056166 0.039985 0.007318 0.005443 
1832865408000000.000000 0.130714 0.032112 0.041639 0.064793 0.053626 0.049322 0.031607 0.013089 
1837914624000000.000000 0.119894 0.037595 0.031779 0.058551 0.048007 0.054308 0.049783 0.015244 
1842963840000000.000000 0.117275 0.029019 0.023350 0.034233 0.042994 0.063250 0.064895 0.003762 
1848013056000000.000000 0.161956 0.053593 0.031895 0.065371 0.038053 0.069759 0.065561 0.016949 
1853062272000000.000000 0.223921 0.008090 0.026331 0.098164 0.036034 0.078240 0.048815 0.012806 
1858111488000000.000000 0.216011 0.028525 0.036182 0.066282 0.033712 0.083255 0.027189 0.009260 
1863160704000000.000000 0.183487 0.048333 0.039929 0.097735 0.032120 0.086167 0.003140 0.009723 
1868209920000000.000000 0.193851 0.007545 0.002355 0.101090 0.028896 0.086156 0.031370 0.009870 
1873259136000000.000000 0.157644 0.045828 0.036699 0.049904 0.027287 0.082516 0.051456 0.012964 
1878308352000000.000000 0.100360 0.040972 0.028822 0.091994 0.026782 0.083453 0.063986 0.003508 
1883357568000000.000000 0.091774 0.026778 0.015590 0.056826 0.031586 0.076700 0.065112 0.011676 
1888406784000000.000000 0.117034 0.024651 0.056421 0.024534 0.036475 0.076008 0.056623 0.014023 
1893456000000000.000000 0.157755 0.037708 0.012915 0.036962 0.041637 0.067278 0.027793 0.001244 
1898505216000000.000000 0.144312 0.063234 0.010123 0.034616 0.044018 0.067117 0.008124 0.011480 
1903554432000000.000000 0.189794 0.021048 0.058198 0.029249 0.046972 0.059037 0.033403 0.009125 
1908603648000000.000000 0.214845 0.018557 0.024635 0.025923 0.049250 0.055784 0.060761 0.007611 
1913652864000000.000000 0.177002 0.061681 0.027997 0.074281 0.052003 0.044151 0.066743 0.006817 
1918702080000000.000000 0.163267 0.036815 0.035480 0.063218 0.054382 0.034366 0.061748 0.010364 
1923751296000000.000000 0.168433 0.019579 0.014099 0.069257 0.057371 0.025470 0.054488 0.009317 
1928800512000000.000000 0.133435 0.034471 0.039330 0.100759 0.058915 0.018075 0.026710 0.007771 
1933849728000000.000000 0.097034 0.014769 0.013556 0.073318 0.060856 0.012939 0.008633 0.008773 
1938898944000000.000000 0.112509 0.034503 0.035869 0.067064 0.060554 0.010444 0.024944 0.014416 
1943948160000000.000000 0.180239 0.051460 0.020828 0.067516 0.059235 0.018699 0.053276 0.009356 
1948997376000000.000000 0.193229 0.030703 0.013808 0.036617 0.055700 0.025839 0.065037 0.011709 
1954046592000000.000000 0.182231 0.026464 0.059490 0.057931 0.054067 0.038908 0.057283 0.017755 
1959095808000000.000000 0.203807 0.055855 0.011197 0.025537 0.052548 0.044586 0.050513 0.003987 
1964145024000000.000000 0.215749 0.037741 0.015834 0.068264 0.052425 0.050983 0.023212 0.013845 
1969194240000000.000000 0.154379 0.047041 0.045536 0.051895 0.049863 0.058310 0.013607 0.008995 
1974243456000000.000000 0.116604 0.012704 0.020883 0.074285 0.046728 0.062030 0.035503 0.012444 
1979292672000000.000000 0.117261 0.024396 0.037245 0.094547 0.039644 0.066360 0.058472 0.009514 
1984341888000000.000000 0.110159 0.044450 0.024092 0.058848 0.034848 0.069823 0.069432 0.009809 
1989391104000000.000000 0.103806 0.020427 0.006776 0.105656 0.030736 0.078169 0.059854 0.017561 
1994440320000000.000000 0.131098 0.051776 0.036205 0.076768 0.030668 0.078641 0.045016 0.005677 
1999489536000000.000000 0.187366 0.012630 0.034398 0.073521 0.029438 0.086359 0.025230 0.014600 
2004538752000000.000000 0.198937 0.014493 0.038270 0.092694 0.029870 0.082870 0.017176 0.011782 
2009587968000000.000000 0.175732 0.063763 0.036382 0.033436 0.028729 0.083403 0.037497 0.007831 
2014637184000000.000000 0.211220 0.026459 0.028097 0.033990 0.030215 0.076560 0.059679 0.006614 
2019686400000000.000000 0.179324 0.046786 0.035263 0.035876 0.033044 0.075380 0.071205 0.013143 
2024735616000000.000000 0.111789 0.030603 0.043522 0.031377 0.040072 0.065144 0.068359 0.005648 
2029784832000000.000000 0.087650 0.028329 0.028261 0.034239 0.044970 0.060326 0.049839 0.009242 
2034834048000000.000000 0.128452 0.061909 0.026967 0.033820 0.049096 0.053816 0.024189 0.005850 
2039883264000000.000000 0.159420 0.001918 0.031467 0.081784 0.050687 0.048562 0.013425 0.013884 
2044932480000000.000000 0.166662 0.021472 0.038991 0.073699 0.053539 0.042966 0.037343 0.006670 
2049981696000000.000000 0.197632 0.050505 0.036606 0.080184 0.054284 0.037051 0.055597 0.006498 
2055030912000000.000000 0.246017 0.015001 0.006383 0.093475 0.056356 0.026854 0.061419 0.016182 
2060080128000000.000000 0.209730 0.050003 0.024774 0.062796 0.057439 0.017298 0.059074 0.007917 
2065129344000000.000000 0.155672 0.032201 0.035963 0.089356 0.059437 0.014527 0.040105 0.010257 
2070178560000000.000000 0.150885 0.016505 0.016997 0.063086 0.059719 0.008433 0.014887 0.011350 
2075227776000000.000000 0.124179 0.035737 0.045097 0.068422 0.060710 0.013845 0.013007 0.008859 
2080276992000000.000000 0.098258 0.036780 0.005824 0.058400 0.059060 0.019827 0.041294 0.010235 
2085326208000000.000000 0.105149 0.053859 0.007504 0.038893 0.055937 0.029548 0.059468 0.006222 
2090375424000000.000000 0.173585 0.022906 0.052162 0.065945 0.051121 0.041139 0.064171 0.015765 
2095424640000000.000000 0.216139 0.019781 0.016596 0.032935 0.048913 0.049855 0.062885 0.009628 
2100473856000000.000000 0.192481 0.054350 0.036191 0.081557 0.046640 0.058550 0.039790 0.008718 
2105523072000000.000000 0.218666 0.041015 0.034888 0.054673 0.045667 0.063096 0.013893 0.016359 
2110572288000000.000000 0.226919 0.025050 0.008365 0.078413 0.042439 0.071055 0.020075 0.009035 
2115621504000000.000000 0.159944 0.036441 0.043109 0.108725 0.038653 0.069780 0.049346 0.006936 
2120670720000000.000000 0.105219 0.014786 0.016464 0.060931 0.031450 0.075899 0.062658 0.014822 
2125719936000000.000000 0.112194 0.026669 0.038919 0.076212 0.028295 0.074711 0.068148 0.010688 
2130769152000000.000000 0.150219 0.056126 0.016876 0.084523 0.026700 0.081220 0.066509 0.008885 
2135818368000000.000000 0.158142 0.028869 0.016913 0.031317 0.030087 0.079772 0.043843 0.008723 
2140867584000000.000000 0.178210 0.023161 0.061691 0.034867 0.031101 0.084678 0.019389 0.014135 
2145916800000000.000000 0.241920 0.054908 0.006911 0.050923 0.033609 0.078466 0.011987 0.010140 
2150966016000000.000000 0.252206 0.042951 0.021236 0.036830 0.034122 0.077861 0.045778 0.004332 
2156015232000000.000000 0.186652 0.042612 0.052831 0.005828 0.037706 0.072258 0.059146 0.017090 
2161064448000000.000000 0.167755 0.022146 0.020606 0.053643 0.041529 0.065306 0.062821 0.012363 
2166113664000000.000000 0.151064 0.029094 0.037177 0.084667 0.048361 0.056393 0.060149 0.008517 
2171162880000000.000000 0.111586 0.047315 0.023493 0.057189 0.051877 0.049101 0.035653 0.015948 
2176212096000000.000000 0.088954 0.015991 0.004837 0.093715 0.054992 0.042259 0.010698 0.004896 
2181261312000000.000000 0.136529 0.041708 0.037185 0.091353 0.055725 0.036406 0.016372 0.009663 
2186310528000000.000000 0.206480 0.016311 0.021771 0.081590 0.057343 0.031107 0.045787 0.004387 
2191359744000000.000000 0.204516 0.023222 0.029228 0.094173 0.057396 0.022862 0.060466 0.012770 
2196408960000000.000000 0.198916 0.051912 0.039369 0.054288 0.058227 0.017180 0.063361 0.010360 
2201458176000000.000000 0.233560 0.025394 0.020470 0.057243 0.058360 0.016623 0.056794 0.001345 
2206507392000000.000000 0.197938 0.055239 0.017398 0.056824 0.059066 0.020411 0.039605 0.016107 
2211556608000000.000000 0.129297 0.015869 0.051245 0.029256 0.058337 0.024496 0.012396 0.010009 
2216605824000000.000000 0.102164 0.017337 0.027778 0.036316 0.058231 0.030163 0.024001 0.006327 
2221655040000000.000000 0.134811 0.061371 0.015567 0.067278 0.054628 0.038411 0.049809 0.009911 
2226704256000000.000000 0.158076 0.003854 0.036840 0.042566 0.050603 0.047114 0.067805 0.013609 
2231753472000000.000000 0.159601 0.010918 0.040955 0.047608 0.044513 0.058208 0.069841 0.005590 
2236802688000000.000000 0.209027 0.057468 0.025201 0.095863 0.041934 0.064640 0.054211 0.011026 
2241851904000000.000000 0.262955 0.004830 0.018533 0.082810 0.039390 0.073516 0.037723 0.010599 
2246901120000000.000000 0.223598 0.046052 0.034857 0.061809 0.038410 0.077283 0.013521 0.013859 
2251950336000000.000000 0.178764 0.033907 0.032858 0.113475 0.034827 0.083245 0.025626 0.003600 
2256999552000000.000000 0.167095 0.015327 0.010516 0.083275 0.031063 0.081374 0.042863 0.015118 
2262048768000000.000000 0.139936 0.034077 0.047643 0.058746 0.026057 0.084461 0.060998 0.015953 
2267097984000000.000000 0.095750 0.038536 0.009573 0.080657 0.026258 0.079779 0.069986 0.003210 
2272147200000000.000000 0.105603 0.050800 0.009668 0.022617 0.028965 0.083537 0.052521 0.016704 
2277196416000000.000000 0.177191 0.015030 0.055198 0.068664 0.035151 0.078817 0.035254 0.010363 
2282245632000000.000000 0.216220 0.020659 0.021359 0.035168 0.038060 0.079157 0.010251 0.010321 
2287294848000000.000000 0.195430 0.060104 0.033647 0.059109 0.040745 0.071205 0.031378 0.007997 
2292344064000000.000000 0.224774 0.037116 0.035997 0.068657 0.041900 0.068175 0.050146 0.011144 
2297393280000000.000000 0.224750 0.028041 0.016207 0.052584 0.045409 0.060584 0.062309 0.011884 
2302442496000000.000000 0.163867 0.035152 0.043486 0.101309 0.049316 0.052235 0.069805 0.002936 
2307491712000000.000000 0.111067 0.023762 0.007852 0.073741 0.054538 0.042803 0.050188 0.013246 
2312540928000000.000000 0.118411 0.031077 0.027878 0.085427 0.057150 0.033754 0.029468 0.012278 
2317590144000000.000000 0.147537 0.045289 0.022116 0.094361 0.059118 0.027422 0.010522 0.004195 
2322639360000000.000000 0.149723 0.023133 0.009134 0.061836 0.058522 0.021413 0.030303 0.009161 
2327688576000000.000000 0.175686 0.028993 0.051205 0.056960 0.058905 0.017165 0.048984 0.011710 
2332737792000000.000000 0.242737 0.042463 0.017317 0.065409 0.058026 0.014632 0.063507 0.004047 
2337787008000000.000000 0.250821 0.034208 0.026168 0.045429 0.057880 0.023826 0.067781 0.009643 
2342836224000000.000000 0.193307 0.050342 0.044827 0.057497 0.056535 0.031322 0.056340 0.007453 
2347885440000000.000000 0.176239 0.022294 0.023684 0.062878 0.056019 0.040121 0.031896 0.011503 
2352934656000000.000000 0.163584 0.036709 0.038570 0.039362 0.054636 0.044689 0.005298 0.004949 
2357983872000000.000000 0.114033 0.051255 0.027081 0.054776 0.052795 0.049274 0.030737 0.010548 
2363033088000000.000000 0.085859 0.019990 0.012172 0.086128 0.048203 0.057227 0.052301 0.014692 
2368082304000000.000000 0.133860 0.030574 0.043784 0.077341 0.043456 0.063892 0.064007 0.004577 
2373131520000000.000000 0.195750 0.023817 0.017934 0.079056 0.037011 0.071646 0.060403 0.012772 
2378180736000000.000000 0.194165 0.023887 0.027101 0.109135 0.034581 0.075257 0.049185 0.016877 
2383229952000000.000000 0.200571 0.056664 0.035030 0.056337 0.032296 0.082807 0.026880 0.004731 
2388279168000000.000000 0.232197 0.010752 0.021195 0.086302 0.032435 0.083791 0.006659 0.013177 
2393328384000000.000000 0.195279 0.043232 0.037125 0.079670 0.029457 0.086991 0.031789 0.007655 
2398377600000000.000000 0.134231 0.032421 0.044248 0.037159 0.027852 0.084005 0.054484 0.015935 
2403426816000000.000000 0.115674 0.023787 0.027434 0.065982 0.027119 0.082664 0.069244 0.005393 
2408476032000000.000000 0.136127 0.063831 0.016155 0.015758 0.031428 0.075166 0.064723 0.012424 
2413525248000000.000000 0.136983 0.010025 0.038272 0.054367 0.036125 0.075131 0.054587 0.015332 
2418574464000000.000000 0.138920 0.009254 0.044369 0.042634 0.042992 0.066965 0.029428 0.005067 
2423623680000000.000000 0.203422 0.058662 0.023713 0.064372 0.045882 0.064418 0.009442 0.013423 
2428672896000000.000000 0.251640 0.012326 0.017352 0.088120 0.048114 0.055278 0.035021 0.012638 
2433722112000000.000000 0.211789 0.049560 0.038072 0.059618 0.048464 0.051030 0.057663 0.008102 
2438771328000000.000000 0.178501 0.031556 0.033363 0.096997 0.051555 0.040522 0.067889 0.009731 
2443820544000000.000000 0.181955 0.010018 0.015450 0.092017 0.054840 0.034323 0.061935 0.012160 
2448869760000000.000000 0.147240 0.040910 0.045716 0.052069 0.058404 0.024146 0.052278 0.007903 
2453918976000000.000000 0.082322 0.040475 0.009343 0.066101 0.060270 0.015866 0.027876 0.008589 
2458968192000000.000000 0.097129 0.047669 0.013373 0.053530 0.060955 0.013459 0.007773 0.007709 
2464017408000000.000000 0.147437 0.017803 0.053324 0.015697 0.059182 0.010695 0.027366 0.013715 
2469066624000000.000000 0.179543 0.020621 0.025877 0.022855 0.058058 0.017537 0.054945 0.007060 
2474115840000000.000000 0.170750 0.070483 0.013953 0.028681 0.056037 0.025341 0.064260 0.010618 
2479165056000000.000000 0.205010 0.018335 0.048045 0.027048 0.055041 0.037346 0.056974 0.016635 
2484214272000000.000000 0.217696 0.018451 0.028523 0.040260 0.051941 0.046169 0.045801 0.003503 
2489263488000000.000000 0.173434 0.054491 0.041209 0.089735 0.050993 0.055103 0.017704 0.013144 
2494312704000000.000000 0.157110 0.028147 0.020851 0.059542 0.048483 0.057551 0.016842 0.006584 
2499361920000000.000000 0.154949 0.030780 0.024841 0.083288 0.045773 0.062242 0.035968 0.010961 
2504411136000000.000000 0.129002 0.036867 0.030665 0.102194 0.040292 0.067829 0.060019 0.007259 
2509460352000000.000000 0.113214 0.014060 0.004753 0.060805 0.035737 0.072084 0.069438 0.008882 
2514509568000000.000000 0.154315 0.030276 0.045168 0.089204 0.030253 0.076069 0.061765 0.013789 
2519558784000000.000000 0.207103 0.036096 0.018433 0.083638 0.028949 0.077903 0.048470 0.009985 
2524608000000000.000000 0.216083 0.035720 0.027281 0.043520 0.028768 0.082830 0.024442 0.010530 
2529657216000000.000000 0.197234 0.056714 0.046416 0.059625 0.030477 0.080242 0.019423 0.015675 
2534706432000000.000000 0.224451 0.017627 0.020455 0.093976 0.030250 0.083470 0.039961 0.007710 
2539755648000000.000000 0.208594 0.032374 0.037289 0.064431 0.031255 0.076299 0.061616 0.008567 
2544804864000000.000000 0.136640 0.046892 0.034099 0.073758 0.034160 0.073359 0.071106 0.014940 
2549854080000000.000000 0.130063 0.009020 0.014430 0.089311 0.039627 0.065555 0.066116 0.008620 
2554903296000000.000000 0.123712 0.036807 0.044042 0.047165 0.044559 0.062983 0.044761 0.012283 
2559952512000000.000000 0.130608 0.038931 0.016161 0.054301 0.050205 0.053438 0.021687 0.007161 
2565001728000000.000000 0.130193 0.043290 0.013404 0.080576 0.052686 0.050332 0.011932 0.016348 
2570050944000000.000000 0.164248 0.033858 0.051796 0.074625 0.053474 0.041026 0.037678 0.010448 
2575100160000000.000000 0.221952 0.016001 0.001826 0.070636 0.053337 0.034492 0.052258 0.009835 
2580149376000000.000000 0.200208 0.042999 0.030183 0.101208 0.055498 0.024815 0.059624 0.017223 
2585198592000000.000000 0.200465 0.043790 0.036669 0.072613 0.057810 0.019033 0.061500 0.007331 
2590247808000000.000000 0.224634 0.009004 0.012681 0.082578 0.060349 0.011685 0.039373 0.010316 
2595297024000000.000000 0.173852 0.052811 0.025427 0.080870 0.060969 0.011377 0.012782 0.012621 
2600346240000000.000000 0.117283 0.003647 0.035796 0.045361 0.060430 0.017888 0.013411 0.006722 
2605395456000000.000000 0.114804 0.007313 0.042870 0.049222 0.057331 0.019648 0.048003 0.009106 
2610444672000000.000000 0.159931 0.063195 0.016478 0.026780 0.054852 0.030928 0.063672 0.006513 
2615493888000000.000000 0.179966 0.029610 0.024637 0.008664 0.051957 0.038904 0.063067 0.012732 
2620543104000000.000000 0.181837 0.034006 0.052424 0.014968 0.049503 0.050294 0.062875 0.007522 
2625592320000000.000000 0.222741 0.054781 0.030770 0.063372 0.046002 0.058643 0.039418 0.005846 
2630641536000000.000000 0.249491 0.022804 0.024136 0.049668 0.044303 0.066172 0.013310 0.013726 
2635690752000000.000000 0.189393 0.053758 0.039317 0.051219 0.041139 0.068752 0.018766 0.007864 
2640739968000000.000000 0.168204 0.015439 0.028191 0.104808 0.037772 0.073348 0.046600 0.004539 
2645789184000000.000000 0.153998 0.017604 0.026503 0.088642 0.032233 0.078370 0.063987 0.012900 
2650838400000000.000000 0.120185 0.036593 0.038812 0.064824 0.029067 0.079093 0.067052 0.010944 
2655887616000000.000000 0.098253 0.020725 0.011615 0.096881 0.026468 0.082472 0.063401 0.006377 
2660936832000000.000000 0.121739 0.060439 0.019713 0.056254 0.028685 0.079706 0.046719 0.011101 
2665986048000000.000000 0.196831 0.009977 0.049225 0.054551 0.030848 0.082915 0.016298 0.010512 
2671035264000000.000000 0.210587 0.007639 0.037056 0.053944 0.034546 0.077955 0.015685 0.013356 
2676084480000000.000000 0.195816 0.070234 0.028596 0.027911 0.036008 0.078717 0.044822 0.004009 
2681133696000000.000000 0.239970 0.024460 0.034333 0.065164 0.038988 0.068300 0.061934 0.016902 
2686182912000000.000000 0.220014 0.040429 0.027092 0.034507 0.042243 0.064319 0.064288 0.013902 
2691232128000000.000000 0.153826 0.026901 0.044760 0.085183 0.047464 0.056877 0.053883 0.004584 
2696281344000000.000000 0.113790 0.017769 0.013872 0.076571 0.051713 0.051947 0.033872 0.019699 
2701330560000000.000000 0.136751 0.049398 0.025983 0.076997 0.056225 0.043371 0.012184 0.006146 
2706379776000000.000000 0.162723 0.023773 0.023686 0.101286 0.057280 0.038566 0.021346 0.012339 
2711428992000000.000000 0.162401 0.030701 0.017693 0.075299 0.057256 0.028792 0.045407 0.006177 
2716478208000000.000000 0.198089 0.038729 0.046518 0.092743 0.056311 0.022096 0.060564 0.015756 
2721527424000000.000000 0.248300 0.027734 0.013590 0.074231 0.057387 0.017155 0.067317 0.008556 
2726576640000000.000000 0.229004 0.035210 0.038650 0.043585 0.058441 0.015067 0.057315 0.006121 
2731625856000000.000000 0.184612 0.057886 0.028004 0.061699 0.059912 0.022946 0.036458 0.014191 
2736675072000000.000000 0.178325 0.021167 0.019505 0.059701 0.059075 0.029045 0.014037 0.011158 
2741724288000000.000000 0.147260 0.023685 0.051388 0.034234 0.057171 0.035313 0.026025 0.004801 
2746773504000000.000000 0.106582 0.044383 0.008725 0.063793 0.052884 0.041045 0.051905 0.012172 
2751822720000000.000000 0.102941 0.044073 0.008086 0.068958 0.049903 0.048908 0.064531 0.010084 
2756871936000000.000000 0.166281 0.023931 0.055069 0.041998 0.045285 0.057703 0.069296 0.003288 
2761921152000000.000000 0.217784 0.021879 0.004703 0.076741 0.042794 0.066621 0.054303 0.009871 
2766970368000000.000000 0.203495 0.044595 0.029127 0.110224 0.038662 0.074065 0.033990 0.007936 
2772019584000000.000000 0.232367 0.046702 0.035416 0.069896 0.037045 0.077227 0.012517 0.010225 
2777068800000000.000000 0.257538 0.009955 0.013835 0.084831 0.033476 0.081380 0.026076 0.003222 
2782118016000000.000000 0.199301 0.044155 0.036085 0.104632 0.030550 0.083033 0.044888 0.012421 
2787167232000000.000000 0.142633 0.017547 0.029876 0.043252 0.027022 0.086065 0.061295 0.014324 
2792216448000000.000000 0.133857 0.022368 0.037269 0.079060 0.027259 0.083065 0.068554 0.000512 
2797265664000000.000000 0.160261 0.059988 0.018127 0.041390 0.029580 0.083772 0.052148 0.014507 
2802314880000000.000000 0.161755 0.023374 0.022103 0.051278 0.034579 0.077358 0.031709 0.012160 
2807364096000000.000000 0.180811 0.023579 0.055318 0.067454 0.037685 0.078062 0.006088 0.007023 
2812413312000000.000000 0.238832 0.053335 0.021927 0.038201 0.041886 0.070616 0.034289 0.009312 
2817462528000000.000000 0.264288 0.021747 0.025043 0.085447 0.043596 0.066297 0.051290 0.011865 
2822511744000000.000000 0.206555 0.052343 0.037269 0.053233 0.046580 0.055203 0.063523 0.011480 
2827560960000000.000000 0.190477 0.015685 0.022264 0.093984 0.049225 0.048820 0.069690 0.006384 
2832610176000000.000000 0.177114 0.018357 0.025198 0.097995 0.053772 0.040172 0.052224 0.012386 
2837659392000000.000000 0.137310 0.033655 0.033591 0.074658 0.057411 0.034138 0.031454 0.015856 
2842708608000000.000000 0.117594 0.012507 0.013088 0.090910 0.060196 0.027018 0.008444 0.003711 
2847757824000000.000000 0.148560 0.057272 0.018669 0.077859 0.059747 0.019433 0.031356 0.013263 
2852807040000000.000000 0.217971 0.015584 0.040454 0.048090 0.058922 0.016779 0.051614 0.014563 
2857856256000000.000000 0.235706 0.017056 0.030934 0.062864 0.056674 0.015103 0.063402 0.006496 
2862905472000000.000000 0.221144 0.060780 0.033500 0.063740 0.056828 0.023600 0.066429 0.012306 
2867954688000000.000000 0.255720 0.020130 0.033196 0.043222 0.056643 0.032085 0.053922 0.012461 
2873003904000000.000000 0.234278 0.033452 0.029818 0.066140 0.056764 0.040933 0.027455 0.010443 
2878053120000000.000000 0.167520 0.037515 0.038907 0.057226 0.054179 0.047774 0.003245 0.008422 
2883102336000000.000000 0.137254 0.022965 0.019797 0.040674 0.051348 0.054197 0.030077 0.011069 
2888151552000000.000000 0.168022 0.049483 0.023484 0.077390 0.046635 0.058771 0.052938 0.016834 
2893200768000000.000000 0.188894 0.010279 0.029363 0.098248 0.042479 0.063048 0.062678 0.001335 
2898249984000000.000000 0.196339 0.021867 0.023101 0.068032 0.037624 0.073521 0.058699 0.011967 
2903299200000000.000000 0.228332 0.043315 0.042464 0.107722 0.035351 0.075251 0.050224 0.015455 
2908348416000000.000000 0.275072 0.024239 0.008168 0.089100 0.031822 0.082036 0.027628 0.001138 
2913397632000000.000000 0.255848 0.040674 0.032312 0.058150 0.030983 0.079841 0.011438 0.011530 
2918446848000000.000000 0.191879 0.043771 0.034808 0.095987 0.028282 0.085183 0.033562 0.005879 
2923496064000000.000000 0.176316 0.021749 0.012963 0.038880 0.028648 0.080094 0.059121 0.012534 
2928545280000000.000000 0.172162 0.017460 0.051492 0.050824 0.028417 0.082778 0.074015 0.003855 
2933594496000000.000000 0.171854 0.041652 0.008613 0.036016 0.033151 0.075446 0.063335 0.010410 
2938643712000000.000000 0.169274 0.053418 0.006177 0.027654 0.037342 0.071534 0.052314 0.012803 
2943692928000000.000000 0.232422 0.020539 0.057149 0.049552 0.042715 0.067536 0.029861 0.006974 
2948742144000000.000000 0.275111 0.027921 0.014125 0.034178 0.045414 0.063113 0.012667 0.008841 
2953791360000000.000000 0.245714 0.050805 0.032643 0.090050 0.049169 0.055445 0.032996 0.015010 
2958840576000000.000000 0.208880 0.043713 0.032176 0.073460 0.050211 0.047382 0.053440 0.008574 
2963889792000000.000000 0.205559 0.014298 0.001777 0.073400 0.052308 0.038593 0.068840 0.009292 
2968939008000000.000000 0.177342 0.031304 0.035614 0.099351 0.054001 0.027584 0.060988 0.014895 
2973988224000000.000000 0.148490 0.018498 0.022442 0.063560 0.058154 0.022478 0.049159 0.007920 
2979037440000000.000000 0.151333 0.025518 0.035218 0.053322 0.060437 0.014904 0.029023 0.012341 
2984086656000000.000000 0.214498 0.053972 0.020786 0.052703 0.061689 0.011383 0.008829 0.006592 
2989135872000000.000000 0.249021 0.032337 0.017418 0.015344 0.060111 0.012122 0.032036 0.016323 
2994185088000000.000000 0.233640 0.020380 0.058989 0.037195 0.057840 0.018947 0.054773 0.009004 
2999234304000000.000000 0.228284 0.059268 0.009556 0.025074 0.054347 0.026190 0.065380 0.010473 
3004283520000000.000000 0.245541 0.031045 0.016684 0.063245 0.053646 0.035250 0.057615 0.017911 
3009332736000000.000000 0.183423 0.043130 0.042992 0.045891 0.052484 0.046708 0.040546 0.005678 
3014381952000000.000000 0.134030 0.017836 0.022168 0.083403 0.051542 0.051500 0.015241 0.014226 
3019431168000000.000000 0.138400 0.022612 0.028603 0.091966 0.047510 0.060665 0.018322 0.009907 
3024480384000000.000000 0.172922 0.037787 0.026806 0.065277 0.044388 0.062967 0.039276 0.009974 
3029529600000000.000000 0.188926 0.010802 0.008687 0.105413 0.038696 0.068700 0.060612 0.006402 
3034578816000000.000000 0.204560 0.052173 0.029299 0.073747 0.034319 0.071418 0.068713 0.009929 
3039628032000000.000000 0.249753 0.013991 0.039133 0.063451 0.030425 0.080254 0.064768 0.009793 
3044677248000000.000000 0.259176 0.020801 0.031279 0.082238 0.030044 0.077966 0.050782 0.008478 
3049726464000000.000000 0.206765 0.057759 0.041499 0.053713 0.028677 0.083197 0.021343 0.006294 
3054775680000000.000000 0.179395 0.031049 0.026949 0.017738 0.029571 0.078954 0.019238 0.014816 
3059824896000000.000000 0.178997 0.036915 0.032787 0.058442 0.029659 0.080434 0.041029 0.006483 
3064874112000000.000000 0.157512 0.034031 0.038450 0.062537 0.032869 0.074937 0.063643 0.006980 
3069923328000000.000000 0.132553 0.026203 0.022858 0.028135 0.035756 0.072833 0.067711 0.011850 
3074972544000000.000000 0.185379 0.051671 0.029956 0.059053 0.041303 0.064681 0.063036 0.008448 
3080021760000000.000000 0.246436 0.012690 0.030497 0.085292 0.045615 0.059700 0.043343 0.008578 
3085070976000000.000000 0.250168 0.020929 0.036197 0.067497 0.049896 0.056930 0.016958 0.008360 
3090120192000000.000000 0.221061 0.051691 0.037459 0.082171 0.051832 0.050688 0.012011 0.011240 
3095169408000000.000000 0.227282 0.016404 0.003349 0.097822 0.054784 0.043129 0.037360 0.013683 
3100218624000000.000000 0.208767 0.046324 0.025404 0.062030 0.054861 0.034317 0.053793 0.006052 
3105267840000000.000000 0.144626 0.034329 0.037284 0.081744 0.056057 0.024597 0.060550 0.017299 
3110317056000000.000000 0.129450 0.012703 0.019979 0.059048 0.056903 0.014736 0.060323 0.010682 
3115366272000000.000000 0.145670 0.039334 0.041150 0.050411 0.059835 0.013857 0.038382 0.008653 
3120415488000000.000000 0.172154 0.035827 0.014954 0.048371 0.060813 0.012276 0.010787 0.015408 
3125464704000000.000000 0.168413 0.054555 0.009944 0.028926 0.060750 0.018867 0.016642 0.007850 
3130513920000000.000000 0.221490 0.019892 0.055074 0.061328 0.057882 0.027027 0.051199 0.010748 
3135563136000000.000000 0.252678 0.021700 0.015585 0.038793 0.054304 0.033248 0.063682 0.009972 
3140612352000000.000000 0.221584 0.057729 0.028702 0.082426 0.049943 0.043034 0.064734 0.013839 
3145661568000000.000000 0.194940 0.039302 0.039258 0.062873 0.048376 0.050020 0.062905 0.009055 
3150710784000000.000000 0.198314 0.011664 0.008335 0.081313 0.046512 0.060449 0.039027 0.008150 
3155760000000000.000000 0.171081 0.035963 0.037898 0.112720 0.044891 0.064492 0.016494 0.015172 
3160809216000000.000000 0.127961 0.017376 0.019143 0.064798 0.040208 0.072642 0.016809 0.009877 
3165858432000000.000000 0.132727 0.027064 0.035538 0.065018 0.036321 0.073256 0.047920 0.006053 
3170907648000000.000000 0.196878 0.051700 0.019822 0.089643 0.030532 0.079267 0.064336 0.014786 
3175956864000000.000000 0.221907 0.026437 0.015540 0.054264 0.027972 0.080749 0.065401 0.010756 
3181006080000000.000000 0.206645 0.026725 0.060631 0.029823 0.027050 0.086036 0.063023 0.005757 
3186055296000000.000000 0.215279 0.057215 0.010758 0.074105 0.030429 0.082679 0.042239 0.012919 
3191104512000000.000000 0.221712 0.038731 0.011137 0.054606 0.031568 0.084017 0.012120 0.006321 
3196153728000000.000000 0.174744 0.033757 0.059158 0.015656 0.034313 0.078202 0.017279 0.012228 
3201202944000000.000000 0.138503 0.031251 0.014871 0.065785 0.035553 0.076443 0.045841 0.001465 
3206252160000000.000000 0.140419 0.034047 0.028207 0.092639 0.040388 0.069125 0.062124 0.015307 
3211301376000000.000000 0.135708 0.042119 0.028089 0.059708 0.043822 0.062832 0.063249 0.011290 
3216350592000000.000000 0.130100 0.013918 0.003919 0.089811 0.049085 0.053526 0.052619 0.001393 
3221399808000000.000000 0.160860 0.044823 0.036661 0.100288 0.052367 0.048102 0.035529 0.016451 
3226449024000000.000000 0.220059 0.019516 0.029274 0.069172 0.055603 0.044088 0.012467 0.009255 
3231498240000000.000000 0.222988 0.013089 0.034243 0.090495 0.056994 0.036848 0.025282 0.008346 
3236547456000000.000000 0.203546 0.066922 0.028837 0.052161 0.058236 0.030178 0.046927 0.007933 
3241596672000000.000000 0.229959 0.020705 0.027662 0.056091 0.057643 0.019706 0.063960 0.013359 
3246645888000000.000000 0.211281 0.039334 0.031277 0.044269 0.057699 0.016982 0.070748 0.009745 
3251695104000000.000000 0.155048 0.030869 0.045163 0.022964 0.057302 0.017294 0.054864 0.007961 
3256744320000000.000000 0.118811 0.027324 0.023954 0.028048 0.058918 0.024178 0.033990 0.012514 
3261793536000000.000000 0.157480 0.058265 0.021466 0.030214 0.058600 0.030652 0.013285 0.014177 
3266842752000000.000000 0.181069 0.005856 0.034988 0.067107 0.057528 0.038092 0.029036 0.003195 
3271891968000000.000000 0.183468 0.015356 0.038500 0.054770 0.052974 0.046186 0.048771 0.015720 
3276941184000000.000000 0.200529 0.057456 0.031767 0.088269 0.048490 0.053345 0.060301 0.013526 
3281990400000000.000000 0.239812 0.014270 0.012206 0.095369 0.043621 0.061724 0.069371 0.005029 
3287039616000000.000000 0.217636 0.048268 0.024156 0.056522 0.041583 0.066315 0.053416 0.013258 
3292088832000000.000000 0.181051 0.030963 0.046123 0.087157 0.039066 0.076233 0.032055 0.010399 
3297138048000000.000000 0.175919 0.015593 0.016726 0.070520 0.037721 0.077696 0.011989 0.011505 
3302187264000000.000000 0.151895 0.048682 0.038716 0.014995 0.032682 0.082997 0.028481 0.006238 
3307236480000000.000000 0.114426 0.035069 0.026854 0.050944 0.029267 0.080048 0.050214 0.013540 
3312285696000000.000000 0.121052 0.040267 0.029156 0.006460 0.025684 0.085250 0.063416 0.014478 
3317334912000000.000000 0.185235 0.033370 0.051329 0.061004 0.027606 0.082025 0.067383 0.000697 
3322384128000000.000000 0.217897 0.023448 0.018517 0.040668 0.031163 0.083919 0.052080 0.014275 
3327433344000000.000000 0.207778 0.062656 0.022989 0.058151 0.036304 0.078816 0.027608 0.011843 
3332482560000000.000000 0.247296 0.028225 0.044642 0.092294 0.038726 0.075946 0.007227 0.004347 
3337531776000000.000000 0.261220 0.015490 0.015962 0.055361 0.041444 0.069581 0.033570 0.008817 
3342580992000000.000000 0.207446 0.038124 0.037131 0.102060 0.042874 0.064676 0.051959 0.010167 
3347630208000000.000000 0.148626 0.022617 0.010528 0.083084 0.047422 0.054749 0.064821 0.008355 
3352679424000000.000000 0.156602 0.030505 0.025414 0.062966 0.050791 0.045153 0.067758 0.005031 
3357728640000000.000000 0.160415 0.044161 0.024993 0.086636 0.055091 0.035851 0.054471 0.009091 
3362777856000000.000000 0.147122 0.020256 0.014386 0.052993 0.056992 0.028918 0.034608 0.012420 
3367827072000000.000000 0.177356 0.024656 0.055518 0.027319 0.059542 0.023786 0.004653 0.005226 
3372876288000000.000000 0.240393 0.052819 0.004106 0.046628 0.059784 0.019421 0.031632 0.011096 
3377925504000000.000000 0.249197 0.042319 0.011297 0.039112 0.059635 0.015499 0.052846 0.014899 
3382974720000000.000000 0.214596 0.029816 0.056494 0.019518 0.057716 0.016405 0.065813 0.005071 
3388023936000000.000000 0.202518 0.037824 0.012022 0.053159 0.056747 0.025426 0.063733 0.010058 
3393073152000000.000000 0.193874 0.038374 0.023063 0.062238 0.055110 0.032613 0.048611 0.015281 
3398122368000000.000000 0.143236 0.039283 0.033902 0.046755 0.055477 0.039623 0.025114 0.006593 
3403171584000000.000000 0.119364 0.012422 0.007733 0.086535 0.054324 0.047325 0.004178 0.012473 
3408220800000000.000000 0.160470 0.034110 0.038009 0.097208 0.052141 0.052819 0.031559 0.007034 
3413270016000000.000000 0.222731 0.024199 0.022259 0.060902 0.046043 0.060422 0.051849 0.020169 
3418319232000000.000000 0.224516 0.022757 0.029473 0.090952 0.041038 0.066631 0.062923 0.003420 
3423368448000000.000000 0.232435 0.062894 0.028087 0.059390 0.035932 0.072851 0.060618 0.013927 
3428417664000000.000000 0.274152 0.006816 0.031287 0.058749 0.034180 0.075353 0.049905 0.016167 
3433466880000000.000000 0.244258 0.020537 0.044176 0.071298 0.032199 0.083535 0.026619 0.004671 
3438516096000000.000000 0.182493 0.048530 0.025944 0.022225 0.032060 0.080389 0.012954 0.012574 
3443565312000000.000000 0.158006 0.025981 0.021793 0.069839 0.028413 0.083232 0.036341 0.010506 
3448614528000000.000000 0.167645 0.046561 0.031653 0.035557 0.027541 0.077351 0.062644 0.011164 
3453663744000000.000000 0.175124 0.010230 0.027585 0.067523 0.027851 0.078673 0.073694 0.005619 
3458712960000000.000000 0.185794 0.016476 0.037959 0.077959 0.034339 0.072536 0.063746 0.011216 
3463762176000000.000000 0.230572 0.054858 0.027006 0.056122 0.038987 0.072440 0.051040 0.011279 
3468811392000000.000000 0.281734 0.001294 0.014985 0.101125 0.044218 0.065416 0.027862 0.005956 
3473860608000000.000000 0.249500 0.045855 0.032026 0.071430 0.046129 0.061890 0.015123 0.007562 
3478909824000000.000000 0.201240 0.027056 0.037573 0.072486 0.048359 0.055828 0.030811 0.014710 
3483959040000000.000000 0.194607 0.011012 0.019887 0.082144 0.049296 0.049385 0.052187 0.005753 
3489008256000000.000000 0.179032 0.043174 0.032768 0.044453 0.053031 0.037480 0.068320 0.008357 
3494057472000000.000000 0.143247 0.031110 0.022616 0.033079 0.055968 0.027446 0.058968 0.013383 
3499106688000000.000000 0.161912 0.038139 0.027569 0.042570 0.058682 0.018664 0.046764 0.004532 
3504155904000000.000000 0.220661 0.037459 0.042348 0.026746 0.059421 0.010356 0.026128 0.010169 
3509205120000000.000000 0.262544 0.016222 0.028025 0.015493 0.060792 0.012521 0.012199 0.004494 
3514254336000000.000000 0.236568 0.065691 0.023009 0.046608 0.059816 0.012018 0.035867 0.013969 
3519303552000000.000000 0.232937 0.018162 0.045461 0.060320 0.058378 0.019657 0.054840 0.009096 
3524352768000000.000000 0.233492 0.006546 0.021938 0.055172 0.055278 0.029909 0.065986 0.007698 
3529401984000000.000000 0.192779 0.045131 0.029544 0.093434 0.053425 0.037557 0.058570 0.016290 
3534451200000000.000000 0.133686 0.021224 0.016287 0.078293 0.050549 0.045044 0.039017 0.009375 
3539500416000000.000000 0.140726 0.030695 0.021286 0.070253 0.050416 0.051260 0.016157 0.009980 
3544549632000000.000000 0.176937 0.031698 0.030902 0.102473 0.048112 0.057790 0.018854 0.015013 
3549598848000000.000000 0.189098 0.018446 0.006791 0.054256 0.045083 0.061886 0.044013 0.008668 
3554648064000000.000000 0.201382 0.032904 0.051673 0.066229 0.037802 0.069736 0.061249 0.010307 
3559697280000000.000000 0.250861 0.049989 0.009519 0.059828 0.033020 0.073370 0.068189 0.010378 
3564746496000000.000000 0.252747 0.044387 0.014584 0.004166 0.028805 0.079489 0.067237 0.013746 
3569795712000000.000000 0.197513 0.030769 0.060136 0.032955 0.029053 0.080428 0.048931 0.010141 
3574844928000000.000000 0.165175 0.037262 0.013192 0.024546 0.029356 0.086652 0.017921 0.006288 
3579894144000000.000000 0.162912 0.046821 0.023586 0.062716 0.031335 0.080142 0.016870 0.016997 
3584943360000000.000000 0.152366 0.032685 0.041179 0.034510 0.030286 0.081809 0.042747 0.011201 
3589992576000000.000000 0.147820 0.015086 0.014972 0.062355 0.032115 0.072848 0.062752 0.010446 
3595041792000000.000000 0.180522 0.032908 0.041033 0.104853 0.035265 0.070687 0.062964 0.015046 
3600091008000000.000000 0.247643 0.029365 0.013042 0.066189 0.042267 0.063589 0.061389 0.008485 
3605140224000000.000000 0.250502 0.030183 0.029141 0.078962 0.047078 0.061186 0.044269 0.009051 
3610189440000000.000000 0.216314 0.060137 0.032494 0.089614 0.051318 0.053256 0.012973 0.010259 
3615238656000000.000000 0.226017 0.008417 0.023400 0.043780 0.052607 0.049605 0.012571 0.008579 
3620287872000000.000000 0.194466 0.013087 0.048818 0.069638 0.053859 0.044518 0.039152 0.012890 
3625337088000000.000000 0.135952 0.056665 0.011924 0.032851 0.054123 0.036092 0.060338 0.005475 
3630386304000000.000000 0.115461 0.031357 0.012352 0.055351 0.057205 0.025488 0.062009 0.016213 
3635435520000000.000000 0.142597 0.034995 0.042100 0.056589 0.058440 0.015142 0.057130 0.009097 
3640484736000000.000000 0.178550 0.020924 0.022762 0.063344 0.060081 0.012571 0.039544 0.006965 
3645533952000000.000000 0.184391 0.022956 0.036525 0.082453 0.059571 0.013944 0.008735 0.012549 
3650583168000000.000000 0.206644 0.059090 0.025224 0.056712 0.059628 0.021524 0.019808 0.007652 
3655632384000000.000000 0.252629 0.009318 0.014527 0.090822 0.057343 0.026509 0.048216 0.007526 
3660681600000000.000000 0.211581 0.041979 0.036364 0.072932 0.054639 0.037206 0.064834 0.008558 
3665730816000000.000000 0.167695 0.030257 0.037672 0.088950 0.050724 0.047448 0.065575 0.011915 
3670780032000000.000000 0.161873 0.006885 0.017786 0.087542 0.047831 0.054422 0.060846 0.008241 
3675829248000000.000000 0.150270 0.052313 0.026800 0.044214 0.044609 0.062589 0.040760 0.008089 
3680878464000000.000000 0.132404 0.025002 0.026553 0.077057 0.043806 0.065695 0.018493 0.011764 
3685927680000000.000000 0.149652 0.037445 0.028664 0.047607 0.040539 0.072154 0.017877 0.014523 
3690976896000000.000000 0.205482 0.036217 0.046626 0.031758 0.036838 0.074508 0.047836 0.004006 
3696026112000000.000000 0.250216 0.019551 0.028501 0.038434 0.029814 0.080874 0.064909 0.015785 
3701075328000000.000000 0.215545 0.068629 0.024273 0.028822 0.026970 0.079603 0.066746 0.012803 
3706124544000000.000000 0.219136 0.015814 0.048474 0.078435 0.026204 0.085383 0.059594 0.005448 
3711173760000000.000000 0.222344 0.005042 0.028560 0.050836 0.030183 0.084608 0.035757 0.016432 
3716222976000000.000000 0.162280 0.052025 0.035371 0.084250 0.032831 0.085784 0.011378 0.006244 
3721272192000000.000000 0.122144 0.027090 0.013181 0.099545 0.035973 0.080600 0.020276 0.014611 
3726321408000000.000000 0.126200 0.041166 0.017819 0.053414 0.036427 0.077184 0.046565 0.003436 
3731370624000000.000000 0.147694 0.021993 0.041495 0.086729 0.039684 0.067481 0.060649 0.017421 
3736419840000000.000000 0.163716 0.012080 0.020728 0.065838 0.043105 0.061877 0.064361 0.011402 
3741469056000000.000000 0.165095 0.053238 0.040328 0.046705 0.049689 0.053020 0.054673 0.005204 
3746518272000000.000000 0.230470 0.039542 0.026881 0.063907 0.053779 0.046160 0.035309 0.014214 
3751567488000000.000000 0.232607 0.042051 0.016199 0.038336 0.056943 0.038307 0.013064 0.010823 
3756616704000000.000000 0.197289 0.033444 0.054936 0.081147 0.057142 0.033556 0.027349 0.005140 
3761665920000000.000000 0.203279 0.031771 0.002870 0.059637 0.057255 0.028050 0.049877 0.010446 
3766715136000000.000000 0.191242 0.038808 0.022886 0.072332 0.057433 0.020659 0.065950 0.009144 
3771764352000000.000000 0.141893 0.040595 0.026019 0.074738 0.058454 0.017364 0.070988 0.007586 
3776813568000000.000000 0.127745 0.020331 0.009313 0.062271 0.058535 0.018805 0.053751 0.006173 
3781862784000000.000000 0.157680 0.024312 0.046093 0.086201 0.058871 0.025845 0.031254 0.009534 
3786912000000000.000000 0.206283 0.032543 0.008913 0.050468 0.057208 0.032201 0.010782 0.010458 
3791961216000000.000000 0.207081 0.043806 0.023795 0.076022 0.056198 0.038014 0.029964 0.003779 
3797010432000000.000000 0.220909 0.054378 0.039981 0.063410 0.052543 0.046136 0.046466 0.013200 
3802059648000000.000000 0.257380 0.012534 0.020624 0.062355 0.049146 0.054757 0.057803 0.013679 
3807108864000000.000000 0.224619 0.019363 0.045816 0.082339 0.043522 0.064451 0.068292 0.001853 
3812158080000000.000000 0.173120 0.054231 0.021791 0.035280 0.040442 0.071211 0.051061 0.012541 
3817207296000000.000000 0.170142 0.023713 0.015968 0.081887 0.037399 0.077284 0.029969 0.010248 
3822256512000000.000000 0.145780 0.041790 0.038373 0.056375 0.036312 0.077364 0.007482 0.008568 
3827305728000000.000000 0.129155 0.011830 0.023063 0.072379 0.032908 0.084172 0.033006 0.009338 
3832354944000000.000000 0.137510 0.023279 0.037406 0.095105 0.030049 0.080479 0.054941 0.011353 
3837404160000000.000000 0.190575 0.053427 0.027568 0.045701 0.025966 0.083530 0.063463 0.015515 
3842453376000000.000000 0.237154 0.014941 0.014311 0.092321 0.027463 0.078414 0.068771 0.003961 
3847502592000000.000000 0.217239 0.052839 0.034173 0.074356 0.030767 0.080337 0.052170 0.014313 
3852551808000000.000000 0.238513 0.025319 0.046743 0.048341 0.037016 0.076591 0.026306 0.015395 
3857601024000000.000000 0.248468 0.011417 0.032275 0.070303 0.040119 0.076235 0.009709 0.003894 
3862650240000000.000000 0.189544 0.062128 0.017674 0.014007 0.042864 0.069344 0.033395 0.012875 
3867699456000000.000000 0.138853 0.019814 0.028409 0.063295 0.043868 0.061886 0.054837 0.012490 
3872748672000000.000000 0.150573 0.021137 0.040448 0.048201 0.046894 0.054310 0.064518 0.009752 
3877797888000000.000000 0.172150 0.037993 0.029011 0.073364 0.050106 0.043730 0.066549 0.007942 
3882847104000000.000000 0.181662 0.015422 0.014264 0.088633 0.055764 0.034867 0.056285 0.012363 
3887896320000000.000000 0.197697 0.058132 0.028966 0.059883 0.058620 0.024624 0.032163 0.011304 
3892945536000000.000000 0.259626 0.023740 0.033991 0.087539 0.060281 0.020170 0.003552 0.007348 
3897994752000000.000000 0.266677 0.031309 0.018351 0.068779 0.058869 0.013292 0.029459 0.011648 
3903043968000000.000000 0.211165 0.036808 0.049151 0.050720 0.058759 0.016631 0.053956 0.017115 
3908093184000000.000000 0.186215 0.037640 0.012606 0.050876 0.057432 0.017995 0.065017 0.001104 
3913142400000000.000000 0.183132 0.049709 0.006892 0.033428 0.057075 0.024955 0.058509 0.011139 
3918191616000000.000000 0.145919 0.010237 0.045631 0.067655 0.056230 0.035896 0.045744 0.013501 
3923240832000000.000000 0.138374 0.006515 0.022625 0.048837 0.055258 0.039800 0.025497 0.003126 
3928290048000000.000000 0.179905 0.052459 0.032284 0.086661 0.052723 0.046646 0.009629 0.010609 
3933339264000000.000000 0.237356 0.027959 0.020632 0.079155 0.050403 0.049905 0.033005 0.003485 
3938388480000000.000000 0.235437 0.043846 0.012474 0.061396 0.046269 0.059797 0.053140 0.016421 
3943437696000000.000000 0.230645 0.033240 0.052077 0.098344 0.041251 0.063366 0.069340 0.005982 
3948486912000000.000000 0.245380 0.029596 0.008646 0.047663 0.035243 0.075436 0.061373 0.011550 
3953536128000000.000000 0.226538 0.034131 0.035452 0.079463 0.032782 0.076553 0.047803 0.014690 
3958585344000000.000000 0.161659 0.044146 0.025995 0.064068 0.030950 0.082384 0.027203 0.005881 
3963634560000000.000000 0.140015 0.026644 0.006504 0.059621 0.030534 0.081700 0.015266 0.008771 
3968683776000000.000000 0.182134 0.021066 0.047328 0.102390 0.028876 0.084084 0.039135 0.013693 
3973732992000000.000000 0.219791 0.024584 0.004080 0.052986 0.029010 0.078344 0.059841 0.008991 
3978782208000000.000000 0.217581 0.039012 0.033693 0.085743 0.029233 0.075755 0.072699 0.007448 
3983831424000000.000000 0.239036 0.058095 0.030974 0.080759 0.033703 0.071576 0.064316 0.011990 
3988880640000000.000000 0.270446 0.017225 0.020147 0.043240 0.038840 0.066724 0.050228 0.012323 
3993929856000000.000000 0.231427 0.019421 0.051828 0.078759 0.045075 0.065363 0.028402 0.009671 
3998979072000000.000000 0.176213 0.051491 0.013509 0.031856 0.047475 0.060846 0.013280 0.006739 
4004028288000000.000000 0.164651 0.029704 0.014382 0.073341 0.049641 0.054528 0.031460 0.018060 
4009077504000000.000000 0.171654 0.035958 0.036539 0.066009 0.050375 0.045985 0.053860 0.009262 
4014126720000000.000000 0.182876 0.010022 0.014076 0.072399 0.052580 0.039883 0.066901 0.010003 
4019175936000000.000000 0.199309 0.021863 0.037815 0.095508 0.055388 0.026568 0.057565 0.016986 
4024225152000000.000000 0.243097 0.049512 0.025351 0.057967 0.059386 0.019089 0.044170 0.005864 
4029274368000000.000000 0.283586 0.011823 0.023167 0.070259 0.061105 0.009898 0.018301 0.012258 
4034323584000000.000000 0.240156 0.060998 0.029109 0.057461 0.060655 0.009003 0.016558 0.008000 
4039372800000000.000000 0.205405 0.017171 0.043113 0.039382 0.058811 0.014762 0.037947 0.013132 
4044422016000000.000000 0.200973 0.013538 0.033206 0.045264 0.057225 0.021206 0.056773 0.008654 
4049471232000000.000000 0.183634 0.059115 0.012463 0.034817 0.054926 0.030673 0.065481 0.008636 
4054520448000000.000000 0.142465 0.016004 0.026019 0.070395 0.053376 0.039102 0.059104 0.014124 
4059569664000000.000000 0.171032 0.024223 0.036235 0.051805 0.051667 0.050242 0.042241 0.007599 
4064618880000000.000000 0.236022 0.034395 0.031593 0.083855 0.049770 0.051649 0.017728 0.006101 
4069668096000000.000000 0.265950 0.003584 0.023512 0.086622 0.046347 0.059938 0.020094 0.014080 
4074717312000000.000000 0.234876 0.063087 0.030525 0.045229 0.043313 0.061242 0.045722 0.006414 
4079766528000000.000000 0.236636 0.021306 0.033307 0.091100 0.038134 0.070020 0.063383 0.007623 
4084815744000000.000000 0.225363 0.028284 0.024538 0.052192 0.032730 0.073048 0.071357 0.007766 
4089864960000000.000000 0.173372 0.037143 0.045714 0.078087 0.028485 0.081499 0.066727 0.011491 
4094914176000000.000000 0.126856 0.027587 0.009565 0.075136 0.028167 0.081427 0.044638 0.007124 
4099963392000000.000000 0.149508 0.050245 0.017981 0.040658 0.029067 0.084823 0.015776 0.006396 
4105012608000000.000000 0.188616 0.019299 0.038265 0.090504 0.030340 0.085699 0.014929 0.012622 
4110061824000000.000000 0.195608 0.023388 0.021825 0.050920 0.031435 0.081828 0.043625 0.015390 
4115111040000000.000000 0.219354 0.043026 0.048152 0.057090 0.033746 0.077290 0.058388 0.006369 
4120160256000000.000000 0.280751 0.034334 0.018564 0.060813 0.036567 0.069667 0.059800 0.017566 
4125209472000000.000000 0.260269 0.053967 0.013008 0.034678 0.041674 0.064863 0.060387 0.010172 
4130258688000000.000000 0.202401 0.029083 0.052576 0.083356 0.046945 0.057403 0.042141 0.008807 
4135307904000000.000000 0.183484 0.015344 0.011743 0.055654 0.052089 0.055473 0.011641 0.012865 
4140357120000000.000000 0.171713 0.040586 0.034206 0.080429 0.053899 0.047169 0.013540 0.008662 
4145406336000000.000000 0.140160 0.041078 0.015443 0.082648 0.055020 0.041439 0.043998 0.013727 
4150455552000000.000000 0.129707 0.034865 0.002182 0.051512 0.055030 0.033030 0.066459 0.005203 
4155504768000000.000000 0.188130 0.027197 0.048279 0.064468 0.056173 0.026520 0.062765 0.016910 
4160553984000000.000000 0.242322 0.028833 0.016083 0.032154 0.058335 0.016451 0.057498 0.010281 
4165603200000000.000000 0.228105 0.047684 0.038737 0.027109 0.060552 0.012969 0.038966 0.008255 
4170652416000000.000000 0.220853 0.054785 0.037636 0.021112 0.060823 0.016862 0.010100 0.013867 
4175701632000000.000000 0.240277 0.024486 0.016489 0.038818 0.059221 0.021447 0.021698 0.010105 
4180750848000000.000000 0.188422 0.028929 0.052330 0.065081 0.056139 0.030854 0.045466 0.006772 
4185800064000000.000000 0.134548 0.045859 0.012121 0.047941 0.053311 0.037455 0.065425 0.010860 
4190849280000000.000000 0.134843 0.031510 0.010101 0.082611 0.050255 0.049506 0.065456 0.010491 
4195898496000000.000000 0.148401 0.041340 0.034756 0.067308 0.047579 0.057551 0.057946 0.005911 
4200947712000000.000000 0.159671 0.005386 0.016079 0.069121 0.045230 0.067461 0.041824 0.008208 
4205996928000000.000000 0.167738 0.025990 0.042992 0.092449 0.042272 0.069846 0.015560 0.008024 
4211046144000000.000000 0.234826 0.048377 0.022222 0.040884 0.038844 0.075488 0.021358 0.013358 
4216095360000000.000000 0.260451 0.025639 0.017607 0.083223 0.034855 0.074756 0.046415 0.000896 
4221144576000000.000000 0.220447 0.059001 0.040519 0.065527 0.030124 0.081961 0.064035 0.014734 
4226193792000000.000000 0.221975 0.016812 0.039583 0.046570 0.027442 0.081675 0.067535 0.011689 
4231243008000000.000000 0.213646 0.003346 0.038664 0.069186 0.027123 0.084011 0.055074 0.003074 
4236292224000000.000000 0.161469 0.064723 0.022126 0.008857 0.030221 0.083214 0.030337 0.013432 
4241341440000000.000000 0.124212 0.021706 0.025512 0.059490 0.032688 0.083336 0.013062 0.008733 
4246390656000000.000000 0.130550 0.026699 0.045536 0.041112 0.035947 0.081441 0.025539 0.010459 
4251439872000000.000000 0.160298 0.035845 0.025555 0.065651 0.037716 0.076376 0.049058 0.007199 
4256489088000000.000000 0.167883 0.022300 0.022361 0.088602 0.041277 0.069447 0.059797 0.013484 
4261538304000000.000000 0.174176 0.059718 0.033590 0.050421 0.044460 0.058370 0.067523 0.014906 
4266587520000000.000000 0.232547 0.017951 0.025149 0.084427 0.049354 0.052387 0.057166 0.005619 
4271636736000000.000000 0.213417 0.036438 0.028153 0.077970 0.053432 0.042718 0.032727 0.012960 
4276685952000000.000000 0.193412 0.040676 0.052175 0.033632 0.057420 0.037811 0.012696 0.014192 
4281735168000000.000000 0.207470 0.030626 0.017257 0.048256 0.058461 0.028151 0.027719 0.005019 
4286784384000000.000000 0.180824 0.059685 0.012382 0.013691 0.058315 0.023737 0.053206 0.014909 
4291833600000000.000000 0.125228 0.007873 0.044654 0.039705 0.056998 0.017527 0.063823 0.011267 
4296882816000000.000000 0.113460 0.002364 0.034472 0.034008 0.057441 0.019373 0.068142 0.009859 
4301932032000000.000000 0.165834 0.057626 0.028293 0.062884 0.058296 0.021976 0.055177 0.009592 
4306981248000000.000000 0.208629 0.025231 0.018525 0.066809 0.059195 0.025822 0.029304 0.011851 
4312030464000000.000000 0.198886 0.048786 0.024678 0.055103 0.058309 0.035060 0.009008 0.011635 
4317079680000000.000000 0.232573 0.033645 0.049460 0.095818 0.055911 0.038614 0.027629 0.006537 
4322128896000000.000000 0.262696 0.015527 0.006731 0.062282 0.051086 0.047299 0.049104 0.014626 
4327178112000000.000000 0.222487 0.044767 0.034755 0.087141 0.047451 0.052662 0.058641 0.015999 
4332227328000000.000000 0.175774 0.041384 0.023312 0.078946 0.043146 0.065211 0.065328 0.001019 
4337276544000000.000000 0.164956 0.028714 0.001680 0.056859 0.040822 0.070204 0.050299 0.014615 
4342325760000000.000000 0.142076 0.027322 0.048473 0.093307 0.036956 0.080217 0.027312 0.009531 
4347374976000000.000000 0.127357 0.021492 0.017272 0.042442 0.034944 0.080114 0.001029 0.005903 
4352424192000000.000000 0.134813 0.046827 0.040645 0.033549 0.031215 0.083327 0.034958 0.008962 
4357473408000000.000000 0.211731 0.053280 0.034529 0.043585 0.028467 0.080536 0.057646 0.008664 
4362522624000000.000000 0.235486 0.030145 0.015652 0.021885 0.026444 0.083303 0.065023 0.012780 
4367571840000000.000000 0.212430 0.032708 0.058793 0.057535 0.029126 0.078411 0.067911 0.002874 
4372621056000000.000000 0.235346 0.053046 0.013353 0.024159 0.032309 0.076933 0.052735 0.011531 
4377670272000000.000000 0.240257 0.034409 0.010419 0.081116 0.036816 0.073459 0.030612 0.012463 
4382719488000000.000000 0.171162 0.039421 0.041672 0.083268 0.039265 0.071592 0.009938 0.005867 
4387768704000000.000000 0.127986 0.002770 0.011916 0.059231 0.043390 0.066984 0.033214 0.010723 
4392817920000000.000000 0.143002 0.023586 0.042158 0.097540 0.045035 0.062138 0.056349 0.012723 
4397867136000000.000000 0.188023 0.044928 0.016078 0.058749 0.048406 0.052265 0.066654 0.007228 
4402916352000000.000000 0.192799 0.033116 0.011676 0.063888 0.051269 0.041221 0.066731 0.008182 
4407965568000000.000000 0.214756 0.047995 0.045645 0.071419 0.055255 0.034587 0.053360 0.012849 
4413014784000000.000000 0.268831 0.028608 0.027313 0.053202 0.057707 0.024383 0.029630 0.009060 
4418064000000000.000000 0.265624 0.012908 0.037601 0.078024 0.060655 0.018532 0.005282 0.011890 
4423113216000000.000000 0.203837 0.061460 0.020919 0.047912 0.060352 0.010986 0.028882 0.007357 
4428162432000000.000000 0.197802 0.015718 0.019401 0.070201 0.059177 0.012570 0.051530 0.021041 
4433211648000000.000000 0.176078 0.034055 0.033406 0.061259 0.056203 0.019083 0.063725 0.005269 
4438260864000000.000000 0.146086 0.023755 0.033132 0.063695 0.056031 0.028320 0.055827 0.015295 
4443310080000000.000000 0.141261 0.019687 0.025925 0.071567 0.055568 0.034453 0.043487 0.014238 
4448359296000000.000000 0.184896 0.060162 0.025731 0.049954 0.055721 0.040416 0.025697 0.005892 
4453408512000000.000000 0.243272 0.003277 0.024968 0.092358 0.053793 0.048621 0.013526 0.011131 
4458457728000000.000000 0.242760 0.033460 0.033716 0.068303 0.050521 0.051146 0.035951 0.008600 
4463506944000000.000000 0.239347 0.041654 0.044599 0.078973 0.044171 0.057512 0.055447 0.013872 
4468556160000000.000000 0.261801 0.020142 0.012443 0.083347 0.039619 0.062523 0.074958 0.006637 
4473605376000000.000000 0.226096 0.053041 0.021782 0.028943 0.035320 0.072719 0.062948 0.011643 
4478654592000000.000000 0.156460 0.026167 0.039324 0.056341 0.033631 0.074865 0.045826 0.013929 
4483703808000000.000000 0.158685 0.019640 0.030207 0.033190 0.030742 0.084379 0.026053 0.003735 
4488753024000000.000000 0.188410 0.048974 0.036736 0.039310 0.030171 0.081285 0.019109 0.007215 
4493802240000000.000000 0.203668 0.026665 0.024273 0.042883 0.027688 0.083701 0.040864 0.013748 
4498851456000000.000000 0.207172 0.052947 0.030764 0.028625 0.028055 0.079438 0.055626 0.005765 
4503900672000000.000000 0.251736 0.027604 0.047740 0.090589 0.029440 0.079232 0.071809 0.006283 
4508949888000000.000000 0.277996 0.013145 0.016460 0.064255 0.035885 0.070904 0.064879 0.010207 
4513999104000000.000000 0.242045 0.047761 0.035119 0.072642 0.039951 0.068730 0.047354 0.008398 
4519048320000000.000000 0.197968 0.036341 0.022262 0.092579 0.044476 0.062243 0.028063 0.007524 
4524097536000000.000000 0.190903 0.028272 0.008663 0.052156 0.046514 0.058884 0.010471 0.004093 
4529146752000000.000000 0.177435 0.020055 0.040495 0.089228 0.050019 0.052827 0.036345 0.015679 
4534195968000000.000000 0.176228 0.012267 0.011876 0.064261 0.051470 0.047191 0.054449 0.010825 
4539245184000000.000000 0.189698 0.044527 0.034102 0.056429 0.054141 0.035927 0.065020 0.007597 
4544294400000000.000000 0.264609 0.043286 0.023189 0.064904 0.056132 0.026299 0.059622 0.017699 
4549343616000000.000000 0.281299 0.037888 0.003719 0.030610 0.058627 0.021590 0.040286 0.007659 
4554392832000000.000000 0.254859 0.029066 0.058973 0.053534 0.059847 0.011851 0.011165 0.008996 
4559442048000000.000000 0.248272 0.048540 0.006633 0.021168 0.061462 0.010994 0.016858 0.013032 
4564491264000000.000000 0.244235 0.039087 0.014191 0.051809 0.059935 0.011942 0.042002 0.010664 
4569540480000000.000000 0.182713 0.034533 0.041099 0.048260 0.057426 0.021314 0.059701 0.012077 
4574589696000000.000000 0.157055 0.009240 0.013584 0.065379 0.053592 0.031517 0.062479 0.007522 
4579638912000000.000000 0.174370 0.026148 0.033658 0.088532 0.052434 0.041080 0.060232 0.018138 
4584688128000000.000000 0.217115 0.034415 0.015496 0.052653 0.050800 0.049323 0.045654 0.008069 
4589737344000000.000000 0.229300 0.030673 0.020362 0.071595 0.050341 0.055867 0.013789 0.007106 
4594786560000000.000000 0.233943 0.054920 0.039134 0.075563 0.046997 0.063545 0.018858 0.015928 
4599835776000000.000000 0.265749 0.021438 0.029320 0.019460 0.043014 0.064973 0.044706 0.010448 
4604884992000000.000000 0.257012 0.016045 0.046004 0.052626 0.035590 0.072003 0.068353 0.009403 
4609934208000000.000000 0.188150 0.065008 0.018165 0.009680 0.031688 0.072652 0.068726 0.011981 
4614983424000000.000000 0.167946 0.019034 0.022451 0.052545 0.028675 0.081221 0.062179 0.010064 
4620032640000000.000000 0.175247 0.019187 0.047516 0.050503 0.029767 0.081034 0.045747 0.007454 
4625081856000000.000000 0.184426 0.033900 0.018587 0.048141 0.029414 0.087009 0.013279 0.007398 
4630131072000000.000000 0.179873 0.027095 0.025002 0.088866 0.030635 0.081707 0.016112 0.010440 
4635180288000000.000000 0.241952 0.050801 0.031981 0.043962 0.030334 0.083199 0.040363 0.013492 
4640229504000000.000000 0.292213 0.007892 0.016134 0.081607 0.033143 0.078422 0.060074 0.005470 
4645278720000000.000000 0.269262 0.035167 0.040774 0.086333 0.037090 0.073499 0.060659 0.018081 
4650327936000000.000000 0.237555 0.043285 0.036592 0.056066 0.043644 0.066122 0.057664 0.008680 
4655377152000000.000000 0.237150 0.011355 0.015057 0.086412 0.047729 0.059316 0.040744 0.007557 
4660426368000000.000000 0.202242 0.058252 0.024472 0.054706 0.051511 0.052768 0.010581 0.010380 
4665475584000000.000000 0.147655 0.020350 0.035842 0.042437 0.052873 0.046803 0.017787 0.008159 
4670524800000000.000000 0.142669 0.014468 0.034128 0.046461 0.055447 0.040314 0.046586 0.009708 
4675574016000000.000000 0.179004 0.047273 0.031705 0.009689 0.055951 0.030237 0.066303 0.004214 
4680623232000000.000000 0.204860 0.025390 0.020532 0.013374 0.057646 0.022378 0.063807 0.013627 
4685672448000000.000000 0.199752 0.051245 0.035142 0.012822 0.058149 0.017325 0.057929 0.011537 
4690721664000000.000000 0.257049 0.030918 0.041504 0.053374 0.059494 0.016712 0.037144 0.005927 
4695770880000000.000000 0.278044 0.005337 0.027055 0.047664 0.060073 0.018375 0.015817 0.012811 
4700820096000000.000000 0.222046 0.063944 0.029537 0.063196 0.060071 0.022488 0.021141 0.014004 
4705869312000000.000000 0.200375 0.025669 0.027404 0.082842 0.057103 0.030457 0.046770 0.005100 
4710918528000000.000000 0.195478 0.026562 0.017352 0.057880 0.053504 0.039038 0.064935 0.013215 
4715967744000000.000000 0.166906 0.027114 0.042557 0.084676 0.048661 0.049990 0.066322 0.012675 
4721016960000000.000000 0.142041 0.018474 0.007495 0.061679 0.046524 0.057036 0.057891 0.008305 
4726066176000000.000000 0.160522 0.050566 0.023331 0.048482 0.044434 0.067739 0.038134 0.011378 
4731115392000000.000000 0.221913 0.026428 0.034500 0.076721 0.042941 0.072139 0.011186 0.008905 
4736164608000000.000000 0.230584 0.033368 0.018304 0.028429 0.038767 0.078765 0.024280 0.015842 
4741213824000000.000000 0.218447 0.039747 0.057996 0.066499 0.033777 0.079044 0.047054 0.002688 
4746263040000000.000000 0.249897 0.040852 0.004939 0.042162 0.028172 0.082666 0.062490 0.017785 
4751312256000000.000000 0.231002 0.052501 0.014000 0.033842 0.026483 0.081081 0.066208 0.014452 
4756361472000000.000000 0.184667 0.034699 0.053906 0.065768 0.027565 0.084686 0.052513 0.005696 
4761410688000000.000000 0.181051 0.016871 0.011744 0.029168 0.032039 0.082628 0.030414 0.012940 
4766459904000000.000000 0.163896 0.040486 0.035921 0.086259 0.033642 0.081694 0.013251 0.009921 
4771509120000000.000000 0.140026 0.034769 0.018415 0.064810 0.035991 0.077023 0.029815 0.006981 
4776558336000000.000000 0.135645 0.036177 0.014689 0.050892 0.036858 0.073886 0.051500 0.008617 
4781607552000000.000000 0.190383 0.039440 0.044420 0.089968 0.041309 0.067152 0.062473 0.009154 
4786656768000000.000000 0.239743 0.013305 0.016743 0.048413 0.045629 0.059736 0.072762 0.013427 
4791705984000000.000000 0.230033 0.037846 0.044834 0.033796 0.051079 0.050979 0.056808 0.002814 
4796755200000000.000000 0.262990 0.062564 0.027440 0.043518 0.054370 0.040685 0.029849 0.011002 
4801804416000000.000000 0.292909 0.025973 0.013878 0.004309 0.056722 0.036543 0.011059 0.010621 
4806853632000000.000000 0.241866 0.021251 0.054711 0.036075 0.057510 0.027148 0.029595 0.005167 
4811902848000000.000000 0.199080 0.046403 0.006859 0.021488 0.058495 0.021941 0.053998 0.011945 
4816952064000000.000000 0.187160 0.034708 0.012095 0.055702 0.058303 0.014126 0.058716 0.013119 
4822001280000000.000000 0.162733 0.039676 0.035526 0.050396 0.057901 0.017247 0.065813 0.005184 
4827050496000000.000000 0.142815 0.004802 0.015431 0.064800 0.057444 0.024853 0.055512 0.010306 
4832099712000000.000000 0.161364 0.030928 0.039839 0.081698 0.058138 0.029729 0.027568 0.009233 
4837148928000000.000000 0.234486 0.044913 0.023776 0.052123 0.057812 0.035026 0.007874 0.011414 
4842198144000000.000000 0.261913 0.020989 0.012400 0.083798 0.056148 0.038606 0.026279 0.009015 
4847247360000000.000000 0.235779 0.054725 0.036405 0.064044 0.052079 0.049380 0.053642 0.011077 
4852296576000000.000000 0.265629 0.015981 0.034256 0.059780 0.046911 0.053230 0.062144 0.018519 
4857345792000000.000000 0.256369 0.011183 0.033610 0.069934 0.041528 0.063841 0.062587 0.003009 
4862395008000000.000000 0.190406 0.051706 0.028985 0.016934 0.038734 0.068478 0.051311 0.015974 
4867444224000000.000000 0.155553 0.027412 0.021288 0.031484 0.037330 0.077926 0.024123 0.012936 
4872493440000000.000000 0.172769 0.039450 0.039394 0.026495 0.034989 0.079142 0.009091 0.006597 
4877542656000000.000000 0.187172 0.029438 0.032513 0.043460 0.031163 0.084371 0.034761 0.011831 
4882591872000000.000000 0.193766 0.028044 0.029581 0.043826 0.027526 0.081716 0.057989 0.010180 
4887641088000000.000000 0.233778 0.059302 0.032681 0.029701 0.025891 0.080167 0.067915 0.012431 
4892690304000000.000000 0.294609 0.008819 0.026724 0.085579 0.027931 0.080555 0.065752 0.005057 
4897739520000000.000000 0.283737 0.027649 0.035030 0.069143 0.033303 0.075525 0.052591 0.012367 
4902788736000000.000000 0.230215 0.042120 0.037584 0.061250 0.038243 0.074173 0.035087 0.011580 
4907837952000000.000000 0.218849 0.014438 0.012259 0.089805 0.040994 0.067420 0.007154 0.006968 
4912887168000000.000000 0.203836 0.046688 0.019455 0.042994 0.042476 0.065364 0.033370 0.010466 
4917936384000000.000000 0.169597 0.012612 0.029094 0.067161 0.045047 0.055405 0.054389 0.014892 
4922985600000000.000000 0.172861 0.016446 0.032365 0.061409 0.048943 0.051686 0.069962 0.002377 
4928034816000000.000000 0.233712 0.047203 0.034484 0.038792 0.052798 0.039244 0.065501 0.009585 
4933084032000000.000000 0.282108 0.019647 0.018901 0.059123 0.056360 0.031515 0.047252 0.009836 
4938133248000000.000000 0.262516 0.059771 0.020575 0.028008 0.058817 0.023333 0.026616 0.005914 
4943182464000000.000000 0.266929 0.024489 0.051592 0.058414 0.059475 0.019392 0.007366 0.009623 
4948231680000000.000000 0.270399 0.019976 0.017440 0.042960 0.059704 0.011542 0.032599 0.003315 
4953280896000000.000000 0.229726 0.048708 0.024214 0.057194 0.059166 0.010293 0.049003 0.017575 
4958330112000000.000000 0.177338 0.026657 0.024820 0.064143 0.057719 0.017882 0.062410 0.010108 
4963379328000000.000000 0.174173 0.023450 0.015737 0.057106 0.055525 0.025546 0.057173 0.012817 
4968428544000000.000000 0.202588 0.023396 0.036259 0.090330 0.054948 0.037411 0.041674 0.014893 
4973477760000000.000000 0.230308 0.011046 0.005949 0.061548 0.054360 0.040877 0.023084 0.005985 
4978526976000000.000000 0.235591 0.048012 0.037837 0.048853 0.053325 0.048199 0.014751 0.008920 
4983576192000000.000000 0.272044 0.045223 0.030675 0.067388 0.049619 0.053472 0.040479 0.012286 
4988625408000000.000000 0.286515 0.034525 0.006315 0.020625 0.045078 0.060795 0.059794 0.010068 
4993674624000000.000000 0.236193 0.024318 0.056782 0.032298 0.037831 0.064422 0.074429 0.010425 
4998723840000000.000000 0.177650 0.046158 0.004970 0.014943 0.033916 0.071746 0.064493 0.009919 
5003773056000000.000000 0.185841 0.043744 0.002575 0.045206 0.031509 0.077337 0.046479 0.015951 
5008822272000000.000000 0.195177 0.019758 0.048910 0.052614 0.031929 0.079565 0.023585 0.007652 
5013871488000000.000000 0.188850 0.012932 0.012131 0.034435 0.029884 0.084695 0.020198 0.008671 
5018920704000000.000000 0.216453 0.042141 0.036009 0.091525 0.028572 0.081843 0.040944 0.017153 
5023969920000000.000000 0.288053 0.034104 0.023124 0.062675 0.027582 0.081430 0.054700 0.009734 
5029019136000000.000000 0.297052 0.033873 0.015381 0.066079 0.030216 0.076405 0.068522 0.009289 
5034068352000000.000000 0.258085 0.043905 0.044542 0.097184 0.034754 0.076744 0.063661 0.015283 
5039117568000000.000000 0.250376 0.017042 0.015488 0.051508 0.041648 0.067034 0.045265 0.007750 
5044166784000000.000000 0.225518 0.020860 0.039391 0.083535 0.045781 0.066170 0.024186 0.009454 
5049216000000000.000000 0.162544 0.054498 0.017960 0.063313 0.048164 0.057086 0.009833 0.006983 
